Group,Mouse,Freq,Gain3070
WT,1,500,NaN
WT,1,1000,NaN
WT,1,1500,NaN
WT,1,2000,NaN
WT,1,2500,-25.3670424026754
WT,1,3000,-24.0180258302162
WT,1,3500,NaN
WT,1,4000,NaN
WT,1,4500,-21.040534945679
WT,1,5000,-18.3062116792807
WT,1,5500,-18.5423517919755
WT,1,6000,-14.8835813033752
WT,1,6500,-9.99062764099319
WT,1,7000,-4.12258700614308
WT,1,7500,1.65350182537458
WT,1,8000,8.60234839493607
WT,1,8500,11.8881503091752
WT,1,9000,14.816261607647
WT,1,9500,14.7532699931627
WT,1,10000,14.369941827723
WT,1,10500,NaN
WT,1,11000,NaN
WT,1,11500,NaN
WT,1,12000,NaN
WT,1,12500,NaN
WT,1,13000,NaN
WT,1,13500,NaN
WT,1,14000,NaN
WT,1,14500,NaN
WT,1,15000,NaN
WT,2,500,NaN
WT,2,1000,NaN
WT,2,1500,NaN
WT,2,2000,NaN
WT,2,2500,NaN
WT,2,3000,NaN
WT,2,3500,NaN
WT,2,4000,NaN
WT,2,4500,-17.3044470549
WT,2,5000,-16.5524959957917
WT,2,5500,-11.6229652472591
WT,2,6000,NaN
WT,2,6500,-9.84262080058856
WT,2,7000,-1.50179066188274
WT,2,7500,5.8252615019089
WT,2,8000,12.2121203912391
WT,2,8500,13.6882294906595
WT,2,9000,18.6606690057243
WT,2,9500,17.6616119860724
WT,2,10000,24.6048667462942
WT,2,10500,NaN
WT,2,11000,NaN
WT,2,11500,NaN
WT,2,12000,NaN
WT,2,12500,NaN
WT,2,13000,NaN
WT,2,13500,NaN
WT,2,14000,NaN
WT,2,14500,NaN
WT,2,15000,NaN
WT,3,500,NaN
WT,3,1000,NaN
WT,3,1500,NaN
WT,3,2000,NaN
WT,3,2500,NaN
WT,3,3000,NaN
WT,3,3500,NaN
WT,3,4000,NaN
WT,3,4500,NaN
WT,3,5000,-17.2168860114994
WT,3,5500,-13.6885036969486
WT,3,6000,-10.4974441190683
WT,3,6500,-6.07409302669388
WT,3,7000,-0.926334977494598
WT,3,7500,4.61509032556712
WT,3,8000,11.4240304372266
WT,3,8500,18.9404830342128
WT,3,9000,22.3416740803896
WT,3,9500,25.3715143827938
WT,3,10000,26.4458271211306
WT,3,10500,25.3353919773428
WT,3,11000,36.6633206522581
WT,3,11500,23.5400832512232
WT,3,12000,31.0470581877784
WT,3,12500,NaN
WT,3,13000,NaN
WT,3,13500,NaN
WT,3,14000,NaN
WT,3,14500,NaN
WT,3,15000,NaN
WT,4,500,NaN
WT,4,1000,NaN
WT,4,1500,NaN
WT,4,2000,NaN
WT,4,2500,NaN
WT,4,3000,NaN
WT,4,3500,-15.2907156441692
WT,4,4000,NaN
WT,4,4500,-17.9408361021714
WT,4,5000,-15.2427314759129
WT,4,5500,-13.405678564338
WT,4,6000,-11.5123849645026
WT,4,6500,-8.97073434220063
WT,4,7000,-3.78139029499477
WT,4,7500,-0.133458585633697
WT,4,8000,6.86443241512777
WT,4,8500,10.5343187829081
WT,4,9000,13.6794652431868
WT,4,9500,17.7372161131011
WT,4,10000,31.7025838633092
WT,4,10500,16.1881928377539
WT,4,11000,NaN
WT,4,11500,NaN
WT,4,12000,NaN
WT,4,12500,NaN
WT,4,13000,NaN
WT,4,13500,NaN
WT,4,14000,NaN
WT,4,14500,NaN
WT,4,15000,NaN
WT,5,500,NaN
WT,5,1000,NaN
WT,5,1500,NaN
WT,5,2000,NaN
WT,5,2500,NaN
WT,5,3000,NaN
WT,5,3500,-20.7214174635173
WT,5,4000,-18.8919759807706
WT,5,4500,-17.8087497320345
WT,5,5000,-15.4802905232331
WT,5,5500,-13.1041928451149
WT,5,6000,-10.5310127315816
WT,5,6500,-5.35910990645976
WT,5,7000,-1.30350981374157
WT,5,7500,5.05492352130027
WT,5,8000,9.14183710192977
WT,5,8500,13.35836379154
WT,5,9000,16.6652761750807
WT,5,9500,25.3408690467398
WT,5,10000,16.3183076992841
WT,5,10500,NaN
WT,5,11000,NaN
WT,5,11500,NaN
WT,5,12000,NaN
WT,5,12500,NaN
WT,5,13000,NaN
WT,5,13500,NaN
WT,5,14000,NaN
WT,5,14500,NaN
WT,5,15000,NaN
WT,6,500,NaN
WT,6,1000,NaN
WT,6,1500,NaN
WT,6,2000,NaN
WT,6,2500,NaN
WT,6,3000,NaN
WT,6,3500,-12.3466623297084
WT,6,4000,NaN
WT,6,4500,-17.1741949826683
WT,6,5000,-16.0676379616668
WT,6,5500,NaN
WT,6,6000,-15.503124848565
WT,6,6500,-11.6620223037087
WT,6,7000,-9.60850068167392
WT,6,7500,-5.75795512846954
WT,6,8000,-2.39854075147135
WT,6,8500,3.42638265936224
WT,6,9000,8.34781041315373
WT,6,9500,11.8311527808724
WT,6,10000,14.8093625938097
WT,6,10500,20.3990572633063
WT,6,11000,27.7458503295171
WT,6,11500,NaN
WT,6,12000,NaN
WT,6,12500,NaN
WT,6,13000,NaN
WT,6,13500,NaN
WT,6,14000,NaN
WT,6,14500,NaN
WT,6,15000,NaN
WT,7,500,NaN
WT,7,1000,NaN
WT,7,1500,NaN
WT,7,2000,NaN
WT,7,2500,NaN
WT,7,3000,NaN
WT,7,3500,NaN
WT,7,4000,-21.0835753041987
WT,7,4500,-18.9957991899687
WT,7,5000,-16.5003589327519
WT,7,5500,-14.7526348017956
WT,7,6000,-14.7872159649841
WT,7,6500,-10.6322025604193
WT,7,7000,-8.36483659979228
WT,7,7500,-3.11817399032636
WT,7,8000,1.51560992983318
WT,7,8500,7.78109967094939
WT,7,9000,13.2582715360182
WT,7,9500,17.7400324829423
WT,7,10000,22.2303106915247
WT,7,10500,32.1482279804999
WT,7,11000,18.9854545034529
WT,7,11500,NaN
WT,7,12000,NaN
WT,7,12500,NaN
WT,7,13000,NaN
WT,7,13500,NaN
WT,7,14000,NaN
WT,7,14500,NaN
WT,7,15000,NaN
WT,8,500,NaN
WT,8,1000,NaN
WT,8,1500,NaN
WT,8,2000,NaN
WT,8,2500,NaN
WT,8,3000,NaN
WT,8,3500,NaN
WT,8,4000,-18.4062524971411
WT,8,4500,-14.3887020244472
WT,8,5000,-14.076486467718
WT,8,5500,-13.7939963233664
WT,8,6000,-11.0363720383444
WT,8,6500,-4.34969202393857
WT,8,7000,6.1095321698933
WT,8,7500,11.4299756532997
WT,8,8000,16.3758392730798
WT,8,8500,19.7799272775257
WT,8,9000,24.5299749815815
WT,8,9500,20.285527006621
WT,8,10000,22.2124425122139
WT,8,10500,NaN
WT,8,11000,NaN
WT,8,11500,NaN
WT,8,12000,NaN
WT,8,12500,NaN
WT,8,13000,NaN
WT,8,13500,NaN
WT,8,14000,NaN
WT,8,14500,NaN
WT,8,15000,NaN
WT,9,500,NaN
WT,9,1000,NaN
WT,9,1500,NaN
WT,9,2000,NaN
WT,9,2500,NaN
WT,9,3000,NaN
WT,9,3500,NaN
WT,9,4000,NaN
WT,9,4500,NaN
WT,9,5000,NaN
WT,9,5500,-16.2801278928231
WT,9,6000,-8.3637100032518
WT,9,6500,-3.81261075458191
WT,9,7000,-1.07615841626518
WT,9,7500,3.86036632602869
WT,9,8000,8.78530968728498
WT,9,8500,15.2939769634586
WT,9,9000,18.7621982429469
WT,9,9500,30.7600089247136
WT,9,10000,17.6351368337593
WT,9,10500,NaN
WT,9,11000,NaN
WT,9,11500,NaN
WT,9,12000,NaN
WT,9,12500,NaN
WT,9,13000,NaN
WT,9,13500,NaN
WT,9,14000,NaN
WT,9,14500,NaN
WT,9,15000,NaN
Alpha9KO,1,500,NaN
Alpha9KO,1,1000,NaN
Alpha9KO,1,1500,NaN
Alpha9KO,1,2000,NaN
Alpha9KO,1,2500,-15.871441682813
Alpha9KO,1,3000,-21.4262870574201
Alpha9KO,1,3500,-25.0706446032279
Alpha9KO,1,4000,-20.3926176515061
Alpha9KO,1,4500,-19.8972737645211
Alpha9KO,1,5000,-18.516045973542
Alpha9KO,1,5500,-17.0470300686009
Alpha9KO,1,6000,-13.2871629831487
Alpha9KO,1,6500,-9.37941074586697
Alpha9KO,1,7000,-3.9733489518803
Alpha9KO,1,7500,0.478380311609904
Alpha9KO,1,8000,7.09821048305559
Alpha9KO,1,8500,10.0946128966143
Alpha9KO,1,9000,13.2348004593201
Alpha9KO,1,9500,16.1139945345075
Alpha9KO,1,10000,20.4226429927516
Alpha9KO,1,10500,NaN
Alpha9KO,1,11000,NaN
Alpha9KO,1,11500,NaN
Alpha9KO,1,12000,NaN
Alpha9KO,1,12500,NaN
Alpha9KO,1,13000,NaN
Alpha9KO,1,13500,NaN
Alpha9KO,1,14000,NaN
Alpha9KO,1,14500,NaN
Alpha9KO,1,15000,NaN
Alpha9KO,2,500,NaN
Alpha9KO,2,1000,NaN
Alpha9KO,2,1500,NaN
Alpha9KO,2,2000,NaN
Alpha9KO,2,2500,NaN
Alpha9KO,2,3000,NaN
Alpha9KO,2,3500,NaN
Alpha9KO,2,4000,-16.7197901600509
Alpha9KO,2,4500,-19.848324503567
Alpha9KO,2,5000,-15.5573084798043
Alpha9KO,2,5500,-14.9748303680368
Alpha9KO,2,6000,-9.78420945900692
Alpha9KO,2,6500,-6.68812346335269
Alpha9KO,2,7000,-2.06096372194882
Alpha9KO,2,7500,3.51393280150103
Alpha9KO,2,8000,10.6060091994167
Alpha9KO,2,8500,12.672201916438
Alpha9KO,2,9000,15.7401811524587
Alpha9KO,2,9500,20.2448598605051
Alpha9KO,2,10000,21.6209882852825
Alpha9KO,2,10500,15.261446541326
Alpha9KO,2,11000,24.4611634589035
Alpha9KO,2,11500,32.9569014819493
Alpha9KO,2,12000,NaN
Alpha9KO,2,12500,NaN
Alpha9KO,2,13000,NaN
Alpha9KO,2,13500,NaN
Alpha9KO,2,14000,NaN
Alpha9KO,2,14500,NaN
Alpha9KO,2,15000,NaN
Alpha9KO,3,500,NaN
Alpha9KO,3,1000,NaN
Alpha9KO,3,1500,NaN
Alpha9KO,3,2000,NaN
Alpha9KO,3,2500,NaN
Alpha9KO,3,3000,NaN
Alpha9KO,3,3500,NaN
Alpha9KO,3,4000,NaN
Alpha9KO,3,4500,NaN
Alpha9KO,3,5000,NaN
Alpha9KO,3,5500,NaN
Alpha9KO,3,6000,-11.0381293168712
Alpha9KO,3,6500,-9.99811466371425
Alpha9KO,3,7000,-8.79991576042264
Alpha9KO,3,7500,-7.25470672005743
Alpha9KO,3,8000,2.48068876138114
Alpha9KO,3,8500,4.60934450976892
Alpha9KO,3,9000,6.76846112364374
Alpha9KO,3,9500,12.7408417039151
Alpha9KO,3,10000,13.0975162446513
Alpha9KO,3,10500,19.1455176798085
Alpha9KO,3,11000,NaN
Alpha9KO,3,11500,NaN
Alpha9KO,3,12000,NaN
Alpha9KO,3,12500,NaN
Alpha9KO,3,13000,NaN
Alpha9KO,3,13500,27.6023667370472
Alpha9KO,3,14000,NaN
Alpha9KO,3,14500,NaN
Alpha9KO,3,15000,NaN
Alpha9KO,4,500,NaN
Alpha9KO,4,1000,NaN
Alpha9KO,4,1500,NaN
Alpha9KO,4,2000,NaN
Alpha9KO,4,2500,NaN
Alpha9KO,4,3000,NaN
Alpha9KO,4,3500,NaN
Alpha9KO,4,4000,NaN
Alpha9KO,4,4500,NaN
Alpha9KO,4,5000,NaN
Alpha9KO,4,5500,-14.6125221033865
Alpha9KO,4,6000,NaN
Alpha9KO,4,6500,-14.4227303900263
Alpha9KO,4,7000,-9.85617220501661
Alpha9KO,4,7500,-4.23321367418826
Alpha9KO,4,8000,2.73313702050829
Alpha9KO,4,8500,10.034915740364
Alpha9KO,4,9000,15.6092508140439
Alpha9KO,4,9500,20.7337324763896
Alpha9KO,4,10000,24.0664030875548
Alpha9KO,4,10500,24.482707570361
Alpha9KO,4,11000,25.3992032926237
Alpha9KO,4,11500,29.5070497877215
Alpha9KO,4,12000,32.6505779915374
Alpha9KO,4,12500,NaN
Alpha9KO,4,13000,NaN
Alpha9KO,4,13500,NaN
Alpha9KO,4,14000,NaN
Alpha9KO,4,14500,NaN
Alpha9KO,4,15000,NaN
Alpha9KO,5,500,NaN
Alpha9KO,5,1000,NaN
Alpha9KO,5,1500,NaN
Alpha9KO,5,2000,NaN
Alpha9KO,5,2500,NaN
Alpha9KO,5,3000,NaN
Alpha9KO,5,3500,NaN
Alpha9KO,5,4000,NaN
Alpha9KO,5,4500,NaN
Alpha9KO,5,5000,-18.8634554902923
Alpha9KO,5,5500,-16.3430089979903
Alpha9KO,5,6000,-13.4323067323231
Alpha9KO,5,6500,-8.75460824270431
Alpha9KO,5,7000,-5.72383019518649
Alpha9KO,5,7500,-3.61209310725585
Alpha9KO,5,8000,2.51523089228241
Alpha9KO,5,8500,8.13564199739051
Alpha9KO,5,9000,11.9615615639717
Alpha9KO,5,9500,18.0773594393535
Alpha9KO,5,10000,22.0523072335298
Alpha9KO,5,10500,23.2357964821697
Alpha9KO,5,11000,17.9048637295678
Alpha9KO,5,11500,NaN
Alpha9KO,5,12000,NaN
Alpha9KO,5,12500,NaN
Alpha9KO,5,13000,NaN
Alpha9KO,5,13500,NaN
Alpha9KO,5,14000,NaN
Alpha9KO,5,14500,NaN
Alpha9KO,5,15000,NaN
Alpha9KO,6,500,NaN
Alpha9KO,6,1000,NaN
Alpha9KO,6,1500,NaN
Alpha9KO,6,2000,NaN
Alpha9KO,6,2500,NaN
Alpha9KO,6,3000,NaN
Alpha9KO,6,3500,NaN
Alpha9KO,6,4000,NaN
Alpha9KO,6,4500,-13.3166051278415
Alpha9KO,6,5000,NaN
Alpha9KO,6,5500,-17.8175458166817
Alpha9KO,6,6000,-16.2572844967737
Alpha9KO,6,6500,-14.1564380636534
Alpha9KO,6,7000,-13.6709336721832
Alpha9KO,6,7500,-8.13418754823032
Alpha9KO,6,8000,-5.9027739370678
Alpha9KO,6,8500,2.25174436386204
Alpha9KO,6,9000,7.17136941335494
Alpha9KO,6,9500,13.3500778973359
Alpha9KO,6,10000,23.8715319118724
Alpha9KO,6,10500,20.5494457097083
Alpha9KO,6,11000,NaN
Alpha9KO,6,11500,NaN
Alpha9KO,6,12000,NaN
Alpha9KO,6,12500,NaN
Alpha9KO,6,13000,NaN
Alpha9KO,6,13500,NaN
Alpha9KO,6,14000,NaN
Alpha9KO,6,14500,NaN
Alpha9KO,6,15000,NaN
Alpha9KO,7,500,NaN
Alpha9KO,7,1000,NaN
Alpha9KO,7,1500,NaN
Alpha9KO,7,2000,NaN
Alpha9KO,7,2500,NaN
Alpha9KO,7,3000,NaN
Alpha9KO,7,3500,NaN
Alpha9KO,7,4000,-20.3952783765596
Alpha9KO,7,4500,NaN
Alpha9KO,7,5000,NaN
Alpha9KO,7,5500,-19.1257804563789
Alpha9KO,7,6000,-18.5912403646729
Alpha9KO,7,6500,-15.5596941101324
Alpha9KO,7,7000,-15.0082474360027
Alpha9KO,7,7500,-10.5307086879887
Alpha9KO,7,8000,-6.25562530505412
Alpha9KO,7,8500,1.27781902843693
Alpha9KO,7,9000,6.44501335722697
Alpha9KO,7,9500,13.7385495850877
Alpha9KO,7,10000,21.7103744103406
Alpha9KO,7,10500,31.4928054044865
Alpha9KO,7,11000,22.8616902646876
Alpha9KO,7,11500,20.8846280735081
Alpha9KO,7,12000,23.8968678548902
Alpha9KO,7,12500,NaN
Alpha9KO,7,13000,NaN
Alpha9KO,7,13500,NaN
Alpha9KO,7,14000,NaN
Alpha9KO,7,14500,NaN
Alpha9KO,7,15000,NaN
Alpha9KO,8,500,NaN
Alpha9KO,8,1000,NaN
Alpha9KO,8,1500,NaN
Alpha9KO,8,2000,NaN
Alpha9KO,8,2500,NaN
Alpha9KO,8,3000,NaN
Alpha9KO,8,3500,NaN
Alpha9KO,8,4000,-11.9026308407046
Alpha9KO,8,4500,-17.6535989776582
Alpha9KO,8,5000,-12.9469986204028
Alpha9KO,8,5500,-8.30043262826231
Alpha9KO,8,6000,-5.66549802324244
Alpha9KO,8,6500,-5.00777369269625
Alpha9KO,8,7000,6.13724043529487
Alpha9KO,8,7500,14.1876505927987
Alpha9KO,8,8000,18.3209184417788
Alpha9KO,8,8500,19.8831398235578
Alpha9KO,8,9000,25.0735539735062
Alpha9KO,8,9500,28.4450422110874
Alpha9KO,8,10000,26.142072039748
Alpha9KO,8,10500,NaN
Alpha9KO,8,11000,NaN
Alpha9KO,8,11500,NaN
Alpha9KO,8,12000,NaN
Alpha9KO,8,12500,NaN
Alpha9KO,8,13000,NaN
Alpha9KO,8,13500,NaN
Alpha9KO,8,14000,NaN
Alpha9KO,8,14500,NaN
Alpha9KO,8,15000,NaN
Alpha9KO,9,500,NaN
Alpha9KO,9,1000,NaN
Alpha9KO,9,1500,NaN
Alpha9KO,9,2000,NaN
Alpha9KO,9,2500,NaN
Alpha9KO,9,3000,NaN
Alpha9KO,9,3500,NaN
Alpha9KO,9,4000,-20.5397377157291
Alpha9KO,9,4500,-18.7966690986846
Alpha9KO,9,5000,-14.5541991301999
Alpha9KO,9,5500,-14.416098050199
Alpha9KO,9,6000,-10.7901550020573
Alpha9KO,9,6500,-10.4644859786624
Alpha9KO,9,7000,-5.30378899650122
Alpha9KO,9,7500,0.706564174027015
Alpha9KO,9,8000,8.63230291484751
Alpha9KO,9,8500,15.7189419185674
Alpha9KO,9,9000,19.6411192989823
Alpha9KO,9,9500,26.3103385731272
Alpha9KO,9,10000,27.6976302489929
Alpha9KO,9,10500,24.8731979329633
Alpha9KO,9,11000,30.0371984764213
Alpha9KO,9,11500,33.678122190641
Alpha9KO,9,12000,NaN
Alpha9KO,9,12500,NaN
Alpha9KO,9,13000,NaN
Alpha9KO,9,13500,NaN
Alpha9KO,9,14000,NaN
Alpha9KO,9,14500,NaN
Alpha9KO,9,15000,NaN
VGLUT3KO,1,500,NaN
VGLUT3KO,1,1000,NaN
VGLUT3KO,1,1500,NaN
VGLUT3KO,1,2000,NaN
VGLUT3KO,1,2500,NaN
VGLUT3KO,1,3000,NaN
VGLUT3KO,1,3500,-19.6985712899525
VGLUT3KO,1,4000,-21.6389171105387
VGLUT3KO,1,4500,-19.9299269784975
VGLUT3KO,1,5000,-15.8458572792789
VGLUT3KO,1,5500,-15.8385016286591
VGLUT3KO,1,6000,-12.0291914010989
VGLUT3KO,1,6500,-8.31431387358277
VGLUT3KO,1,7000,0.0440114469274206
VGLUT3KO,1,7500,10.482663515951
VGLUT3KO,1,8000,18.3697156266811
VGLUT3KO,1,8500,21.812827403231
VGLUT3KO,1,9000,24.7255009575887
VGLUT3KO,1,9500,30.9857921293047
VGLUT3KO,1,10000,32.0432501208098
VGLUT3KO,1,10500,37.1465993209769
VGLUT3KO,1,11000,29.5846699243276
VGLUT3KO,1,11500,30.1383826877077
VGLUT3KO,1,12000,22.6304178657253
VGLUT3KO,1,12500,NaN
VGLUT3KO,1,13000,NaN
VGLUT3KO,1,13500,NaN
VGLUT3KO,1,14000,NaN
VGLUT3KO,1,14500,NaN
VGLUT3KO,1,15000,NaN
VGLUT3KO,2,500,NaN
VGLUT3KO,2,1000,NaN
VGLUT3KO,2,1500,NaN
VGLUT3KO,2,2000,NaN
VGLUT3KO,2,2500,NaN
VGLUT3KO,2,3000,-12.1121677270519
VGLUT3KO,2,3500,NaN
VGLUT3KO,2,4000,-17.3246924811325
VGLUT3KO,2,4500,-17.8560651349693
VGLUT3KO,2,5000,-13.9374216521394
VGLUT3KO,2,5500,-18.5041247135532
VGLUT3KO,2,6000,-11.015050439456
VGLUT3KO,2,6500,-12.0624321068624
VGLUT3KO,2,7000,-9.37500117759556
VGLUT3KO,2,7500,-1.0156635275662
VGLUT3KO,2,8000,7.6648593680913
VGLUT3KO,2,8500,14.7140321907804
VGLUT3KO,2,9000,20.1193908290403
VGLUT3KO,2,9500,24.2169238265424
VGLUT3KO,2,10000,26.9680305126269
VGLUT3KO,2,10500,25.4528884325237
VGLUT3KO,2,11000,28.0297869021124
VGLUT3KO,2,11500,23.7855232997913
VGLUT3KO,2,12000,23.342428847835
VGLUT3KO,2,12500,NaN
VGLUT3KO,2,13000,NaN
VGLUT3KO,2,13500,NaN
VGLUT3KO,2,14000,NaN
VGLUT3KO,2,14500,NaN
VGLUT3KO,2,15000,NaN
VGLUT3KO,3,500,NaN
VGLUT3KO,3,1000,NaN
VGLUT3KO,3,1500,NaN
VGLUT3KO,3,2000,NaN
VGLUT3KO,3,2500,NaN
VGLUT3KO,3,3000,-20.1908526050187
VGLUT3KO,3,3500,-19.2580836541988
VGLUT3KO,3,4000,-17.7106900706785
VGLUT3KO,3,4500,-17.5317687175912
VGLUT3KO,3,5000,-15.0511583994627
VGLUT3KO,3,5500,-12.6763491954439
VGLUT3KO,3,6000,-7.7056997500774
VGLUT3KO,3,6500,-1.54775223007051
VGLUT3KO,3,7000,3.42406743492546
VGLUT3KO,3,7500,14.0331279661982
VGLUT3KO,3,8000,22.7383343924767
VGLUT3KO,3,8500,27.1911993406661
VGLUT3KO,3,9000,31.2090959790633
VGLUT3KO,3,9500,31.8916781980514
VGLUT3KO,3,10000,32.7963491587999
VGLUT3KO,3,10500,34.5230574829244
VGLUT3KO,3,11000,33.3381398873263
VGLUT3KO,3,11500,29.8282101696154
VGLUT3KO,3,12000,32.4164608717537
VGLUT3KO,3,12500,33.5332824712906
VGLUT3KO,3,13000,NaN
VGLUT3KO,3,13500,NaN
VGLUT3KO,3,14000,NaN
VGLUT3KO,3,14500,NaN
VGLUT3KO,3,15000,NaN
VGLUT3KO,4,500,NaN
VGLUT3KO,4,1000,NaN
VGLUT3KO,4,1500,NaN
VGLUT3KO,4,2000,NaN
VGLUT3KO,4,2500,NaN
VGLUT3KO,4,3000,NaN
VGLUT3KO,4,3500,NaN
VGLUT3KO,4,4000,NaN
VGLUT3KO,4,4500,-19.9554969843055
VGLUT3KO,4,5000,-15.8898725087193
VGLUT3KO,4,5500,-16.1997214038192
VGLUT3KO,4,6000,-7.73865600402713
VGLUT3KO,4,6500,-3.21003641636219
VGLUT3KO,4,7000,3.43320004732908
VGLUT3KO,4,7500,18.6339266445677
VGLUT3KO,4,8000,24.7209998165906
VGLUT3KO,4,8500,28.5878137633658
VGLUT3KO,4,9000,32.8593031763325
VGLUT3KO,4,9500,32.0585879668395
VGLUT3KO,4,10000,35.9108933954653
VGLUT3KO,4,10500,28.2876366729545
VGLUT3KO,4,11000,27.1762150435555
VGLUT3KO,4,11500,NaN
VGLUT3KO,4,12000,NaN
VGLUT3KO,4,12500,NaN
VGLUT3KO,4,13000,NaN
VGLUT3KO,4,13500,NaN
VGLUT3KO,4,14000,NaN
VGLUT3KO,4,14500,NaN
VGLUT3KO,4,15000,NaN
VGLUT3KO,5,500,NaN
VGLUT3KO,5,1000,NaN
VGLUT3KO,5,1500,NaN
VGLUT3KO,5,2000,NaN
VGLUT3KO,5,2500,NaN
VGLUT3KO,5,3000,-2.9734482178641
VGLUT3KO,5,3500,NaN
VGLUT3KO,5,4000,NaN
VGLUT3KO,5,4500,NaN
VGLUT3KO,5,5000,NaN
VGLUT3KO,5,5500,-18.1008668082373
VGLUT3KO,5,6000,-14.2293742622608
VGLUT3KO,5,6500,-11.4129513371011
VGLUT3KO,5,7000,-8.03294678539812
VGLUT3KO,5,7500,-5.69097890952051
VGLUT3KO,5,8000,-0.789074826146845
VGLUT3KO,5,8500,7.90245906364543
VGLUT3KO,5,9000,12.8296789060073
VGLUT3KO,5,9500,18.7242673299822
VGLUT3KO,5,10000,23.1331924081052
VGLUT3KO,5,10500,27.8593744312722
VGLUT3KO,5,11000,27.0616345894987
VGLUT3KO,5,11500,32.2666382799818
VGLUT3KO,5,12000,28.497680300335
VGLUT3KO,5,12500,34.5417550789787
VGLUT3KO,5,13000,NaN
VGLUT3KO,5,13500,NaN
VGLUT3KO,5,14000,NaN
VGLUT3KO,5,14500,NaN
VGLUT3KO,5,15000,NaN
VGLUT3KO,6,500,NaN
VGLUT3KO,6,1000,NaN
VGLUT3KO,6,1500,NaN
VGLUT3KO,6,2000,NaN
VGLUT3KO,6,2500,NaN
VGLUT3KO,6,3000,NaN
VGLUT3KO,6,3500,-9.73656497725237
VGLUT3KO,6,4000,NaN
VGLUT3KO,6,4500,NaN
VGLUT3KO,6,5000,-15.3640065990098
VGLUT3KO,6,5500,-12.2944694021716
VGLUT3KO,6,6000,-14.0023291845411
VGLUT3KO,6,6500,-8.24746597900359
VGLUT3KO,6,7000,-4.91926069535075
VGLUT3KO,6,7500,7.0165132465118
VGLUT3KO,6,8000,15.1927719306213
VGLUT3KO,6,8500,20.5271866821791
VGLUT3KO,6,9000,22.6816805617515
VGLUT3KO,6,9500,27.1787519953316
VGLUT3KO,6,10000,28.35876101637
VGLUT3KO,6,10500,33.0162135703381
VGLUT3KO,6,11000,29.8297048043613
VGLUT3KO,6,11500,34.9107893868445
VGLUT3KO,6,12000,30.4239379974819
VGLUT3KO,6,12500,NaN
VGLUT3KO,6,13000,NaN
VGLUT3KO,6,13500,NaN
VGLUT3KO,6,14000,NaN
VGLUT3KO,6,14500,NaN
VGLUT3KO,6,15000,NaN
VGLUT3KO,7,500,NaN
VGLUT3KO,7,1000,NaN
VGLUT3KO,7,1500,NaN
VGLUT3KO,7,2000,NaN
VGLUT3KO,7,2500,NaN
VGLUT3KO,7,3000,NaN
VGLUT3KO,7,3500,NaN
VGLUT3KO,7,4000,-17.321470477886
VGLUT3KO,7,4500,-16.2994989290694
VGLUT3KO,7,5000,-16.817367369833
VGLUT3KO,7,5500,-13.0445175523727
VGLUT3KO,7,6000,-11.9170272030309
VGLUT3KO,7,6500,-9.24491754092343
VGLUT3KO,7,7000,0.295598150146752
VGLUT3KO,7,7500,9.33657526783205
VGLUT3KO,7,8000,15.8521558805467
VGLUT3KO,7,8500,19.437867666889
VGLUT3KO,7,9000,27.5057509226174
VGLUT3KO,7,9500,30.7591697310964
VGLUT3KO,7,10000,29.9605862548099
VGLUT3KO,7,10500,28.2910069139754
VGLUT3KO,7,11000,23.9930200235284
VGLUT3KO,7,11500,28.6386785788674
VGLUT3KO,7,12000,NaN
VGLUT3KO,7,12500,NaN
VGLUT3KO,7,13000,NaN
VGLUT3KO,7,13500,NaN
VGLUT3KO,7,14000,NaN
VGLUT3KO,7,14500,NaN
VGLUT3KO,7,15000,NaN
VGLUT3KO,8,500,NaN
VGLUT3KO,8,1000,NaN
VGLUT3KO,8,1500,NaN
VGLUT3KO,8,2000,NaN
VGLUT3KO,8,2500,NaN
VGLUT3KO,8,3000,NaN
VGLUT3KO,8,3500,NaN
VGLUT3KO,8,4000,-15.7002184703255
VGLUT3KO,8,4500,-16.2286133354335
VGLUT3KO,8,5000,-15.4843498093689
VGLUT3KO,8,5500,-11.1038022723844
VGLUT3KO,8,6000,-5.09359146297527
VGLUT3KO,8,6500,-2.78983806780326
VGLUT3KO,8,7000,3.10736725391423
VGLUT3KO,8,7500,7.985957872175
VGLUT3KO,8,8000,16.1906983333826
VGLUT3KO,8,8500,20.274148741301
VGLUT3KO,8,9000,23.1985106109641
VGLUT3KO,8,9500,25.9372216297864
VGLUT3KO,8,10000,21.4945530660441
VGLUT3KO,8,10500,NaN
VGLUT3KO,8,11000,NaN
VGLUT3KO,8,11500,NaN
VGLUT3KO,8,12000,NaN
VGLUT3KO,8,12500,NaN
VGLUT3KO,8,13000,NaN
VGLUT3KO,8,13500,NaN
VGLUT3KO,8,14000,NaN
VGLUT3KO,8,14500,NaN
VGLUT3KO,8,15000,NaN
VGLUT3KOAlpha9KO,1,500,NaN
VGLUT3KOAlpha9KO,1,1000,NaN
VGLUT3KOAlpha9KO,1,1500,NaN
VGLUT3KOAlpha9KO,1,2000,NaN
VGLUT3KOAlpha9KO,1,2500,NaN
VGLUT3KOAlpha9KO,1,3000,NaN
VGLUT3KOAlpha9KO,1,3500,NaN
VGLUT3KOAlpha9KO,1,4000,NaN
VGLUT3KOAlpha9KO,1,4500,-18.1768198290417
VGLUT3KOAlpha9KO,1,5000,-17.0864328958678
VGLUT3KOAlpha9KO,1,5500,-16.1844747450329
VGLUT3KOAlpha9KO,1,6000,-12.7030103090949
VGLUT3KOAlpha9KO,1,6500,-5.67702010790081
VGLUT3KOAlpha9KO,1,7000,0.280084232690641
VGLUT3KOAlpha9KO,1,7500,6.37608949268336
VGLUT3KOAlpha9KO,1,8000,11.7764666509525
VGLUT3KOAlpha9KO,1,8500,15.8862437371411
VGLUT3KOAlpha9KO,1,9000,25.2490798741862
VGLUT3KOAlpha9KO,1,9500,26.6252606419778
VGLUT3KOAlpha9KO,1,10000,26.7533048849816
VGLUT3KOAlpha9KO,1,10500,23.333226197966
VGLUT3KOAlpha9KO,1,11000,NaN
VGLUT3KOAlpha9KO,1,11500,NaN
VGLUT3KOAlpha9KO,1,12000,NaN
VGLUT3KOAlpha9KO,1,12500,NaN
VGLUT3KOAlpha9KO,1,13000,NaN
VGLUT3KOAlpha9KO,1,13500,NaN
VGLUT3KOAlpha9KO,1,14000,NaN
VGLUT3KOAlpha9KO,1,14500,NaN
VGLUT3KOAlpha9KO,1,15000,NaN
VGLUT3KOAlpha9KO,2,500,NaN
VGLUT3KOAlpha9KO,2,1000,NaN
VGLUT3KOAlpha9KO,2,1500,NaN
VGLUT3KOAlpha9KO,2,2000,NaN
VGLUT3KOAlpha9KO,2,2500,NaN
VGLUT3KOAlpha9KO,2,3000,-14.0107504560805
VGLUT3KOAlpha9KO,2,3500,-17.8175712190044
VGLUT3KOAlpha9KO,2,4000,-20.7695215457594
VGLUT3KOAlpha9KO,2,4500,-17.1657663471521
VGLUT3KOAlpha9KO,2,5000,-15.3008096951449
VGLUT3KOAlpha9KO,2,5500,-15.9871036835755
VGLUT3KOAlpha9KO,2,6000,-9.23893493425792
VGLUT3KOAlpha9KO,2,6500,-7.85612529364486
VGLUT3KOAlpha9KO,2,7000,-4.26531505270691
VGLUT3KOAlpha9KO,2,7500,3.14499837072523
VGLUT3KOAlpha9KO,2,8000,9.23396309119009
VGLUT3KOAlpha9KO,2,8500,12.0712045006833
VGLUT3KOAlpha9KO,2,9000,15.6599095187565
VGLUT3KOAlpha9KO,2,9500,21.1837947134893
VGLUT3KOAlpha9KO,2,10000,24.2979492940488
VGLUT3KOAlpha9KO,2,10500,20.0021715126646
VGLUT3KOAlpha9KO,2,11000,NaN
VGLUT3KOAlpha9KO,2,11500,NaN
VGLUT3KOAlpha9KO,2,12000,NaN
VGLUT3KOAlpha9KO,2,12500,NaN
VGLUT3KOAlpha9KO,2,13000,26.6983622629789
VGLUT3KOAlpha9KO,2,13500,NaN
VGLUT3KOAlpha9KO,2,14000,NaN
VGLUT3KOAlpha9KO,2,14500,NaN
VGLUT3KOAlpha9KO,2,15000,NaN
VGLUT3KOAlpha9KO,3,500,NaN
VGLUT3KOAlpha9KO,3,1000,NaN
VGLUT3KOAlpha9KO,3,1500,NaN
VGLUT3KOAlpha9KO,3,2000,NaN
VGLUT3KOAlpha9KO,3,2500,NaN
VGLUT3KOAlpha9KO,3,3000,-14.1902173047182
VGLUT3KOAlpha9KO,3,3500,NaN
VGLUT3KOAlpha9KO,3,4000,-18.7252986972841
VGLUT3KOAlpha9KO,3,4500,-17.2872247213791
VGLUT3KOAlpha9KO,3,5000,-14.3558615455862
VGLUT3KOAlpha9KO,3,5500,-13.6460502789136
VGLUT3KOAlpha9KO,3,6000,-8.51485142981666
VGLUT3KOAlpha9KO,3,6500,-9.09665816814509
VGLUT3KOAlpha9KO,3,7000,-0.456961484649767
VGLUT3KOAlpha9KO,3,7500,9.37715470155172
VGLUT3KOAlpha9KO,3,8000,17.1626259872878
VGLUT3KOAlpha9KO,3,8500,22.0222328840707
VGLUT3KOAlpha9KO,3,9000,27.7244205315548
VGLUT3KOAlpha9KO,3,9500,31.2814975168625
VGLUT3KOAlpha9KO,3,10000,32.3008261173434
VGLUT3KOAlpha9KO,3,10500,32.2590036151834
VGLUT3KOAlpha9KO,3,11000,31.8139360443847
VGLUT3KOAlpha9KO,3,11500,29.9145553352499
VGLUT3KOAlpha9KO,3,12000,NaN
VGLUT3KOAlpha9KO,3,12500,NaN
VGLUT3KOAlpha9KO,3,13000,NaN
VGLUT3KOAlpha9KO,3,13500,NaN
VGLUT3KOAlpha9KO,3,14000,NaN
VGLUT3KOAlpha9KO,3,14500,NaN
VGLUT3KOAlpha9KO,3,15000,NaN
VGLUT3KOAlpha9KO,4,500,NaN
VGLUT3KOAlpha9KO,4,1000,NaN
VGLUT3KOAlpha9KO,4,1500,NaN
VGLUT3KOAlpha9KO,4,2000,NaN
VGLUT3KOAlpha9KO,4,2500,NaN
VGLUT3KOAlpha9KO,4,3000,NaN
VGLUT3KOAlpha9KO,4,3500,NaN
VGLUT3KOAlpha9KO,4,4000,NaN
VGLUT3KOAlpha9KO,4,4500,-15.7059252248576
VGLUT3KOAlpha9KO,4,5000,NaN
VGLUT3KOAlpha9KO,4,5500,-14.0061746323104
VGLUT3KOAlpha9KO,4,6000,-9.68844914341808
VGLUT3KOAlpha9KO,4,6500,-7.74843798680606
VGLUT3KOAlpha9KO,4,7000,-6.79912570634411
VGLUT3KOAlpha9KO,4,7500,-0.0785828928935288
VGLUT3KOAlpha9KO,4,8000,NaN
VGLUT3KOAlpha9KO,4,8500,5.21970815323159
VGLUT3KOAlpha9KO,4,9000,7.17363966394041
VGLUT3KOAlpha9KO,4,9500,NaN
VGLUT3KOAlpha9KO,4,10000,NaN
VGLUT3KOAlpha9KO,4,10500,NaN
VGLUT3KOAlpha9KO,4,11000,NaN
VGLUT3KOAlpha9KO,4,11500,NaN
VGLUT3KOAlpha9KO,4,12000,NaN
VGLUT3KOAlpha9KO,4,12500,NaN
VGLUT3KOAlpha9KO,4,13000,NaN
VGLUT3KOAlpha9KO,4,13500,NaN
VGLUT3KOAlpha9KO,4,14000,NaN
VGLUT3KOAlpha9KO,4,14500,NaN
VGLUT3KOAlpha9KO,4,15000,NaN
VGLUT3KOAlpha9KO,5,500,NaN
VGLUT3KOAlpha9KO,5,1000,NaN
VGLUT3KOAlpha9KO,5,1500,NaN
VGLUT3KOAlpha9KO,5,2000,NaN
VGLUT3KOAlpha9KO,5,2500,NaN
VGLUT3KOAlpha9KO,5,3000,NaN
VGLUT3KOAlpha9KO,5,3500,NaN
VGLUT3KOAlpha9KO,5,4000,NaN
VGLUT3KOAlpha9KO,5,4500,NaN
VGLUT3KOAlpha9KO,5,5000,NaN
VGLUT3KOAlpha9KO,5,5500,-15.2850680048471
VGLUT3KOAlpha9KO,5,6000,-12.0802260839368
VGLUT3KOAlpha9KO,5,6500,-10.4045972285581
VGLUT3KOAlpha9KO,5,7000,-10.113783284165
VGLUT3KOAlpha9KO,5,7500,-3.37328331431981
VGLUT3KOAlpha9KO,5,8000,-0.545038045596151
VGLUT3KOAlpha9KO,5,8500,4.02204082716642
VGLUT3KOAlpha9KO,5,9000,7.11858143168708
VGLUT3KOAlpha9KO,5,9500,9.74228535971827
VGLUT3KOAlpha9KO,5,10000,6.04220519034132
VGLUT3KOAlpha9KO,5,10500,NaN
VGLUT3KOAlpha9KO,5,11000,NaN
VGLUT3KOAlpha9KO,5,11500,NaN
VGLUT3KOAlpha9KO,5,12000,NaN
VGLUT3KOAlpha9KO,5,12500,NaN
VGLUT3KOAlpha9KO,5,13000,NaN
VGLUT3KOAlpha9KO,5,13500,NaN
VGLUT3KOAlpha9KO,5,14000,NaN
VGLUT3KOAlpha9KO,5,14500,NaN
VGLUT3KOAlpha9KO,5,15000,NaN
VGLUT3KOAlpha9KO,6,500,NaN
VGLUT3KOAlpha9KO,6,1000,NaN
VGLUT3KOAlpha9KO,6,1500,NaN
VGLUT3KOAlpha9KO,6,2000,NaN
VGLUT3KOAlpha9KO,6,2500,NaN
VGLUT3KOAlpha9KO,6,3000,NaN
VGLUT3KOAlpha9KO,6,3500,NaN
VGLUT3KOAlpha9KO,6,4000,-19.925271035259
VGLUT3KOAlpha9KO,6,4500,-14.1862233363466
VGLUT3KOAlpha9KO,6,5000,-11.612286923815
VGLUT3KOAlpha9KO,6,5500,-12.7382325741316
VGLUT3KOAlpha9KO,6,6000,-10.1408871901337
VGLUT3KOAlpha9KO,6,6500,-5.2859132745433
VGLUT3KOAlpha9KO,6,7000,4.17941605703354
VGLUT3KOAlpha9KO,6,7500,11.8438731151745
VGLUT3KOAlpha9KO,6,8000,17.1767316085887
VGLUT3KOAlpha9KO,6,8500,22.0692571027112
VGLUT3KOAlpha9KO,6,9000,19.6271478920185
VGLUT3KOAlpha9KO,6,9500,19.3105401233846
VGLUT3KOAlpha9KO,6,10000,NaN
VGLUT3KOAlpha9KO,6,10500,NaN
VGLUT3KOAlpha9KO,6,11000,NaN
VGLUT3KOAlpha9KO,6,11500,NaN
VGLUT3KOAlpha9KO,6,12000,NaN
VGLUT3KOAlpha9KO,6,12500,NaN
VGLUT3KOAlpha9KO,6,13000,NaN
VGLUT3KOAlpha9KO,6,13500,NaN
VGLUT3KOAlpha9KO,6,14000,NaN
VGLUT3KOAlpha9KO,6,14500,NaN
VGLUT3KOAlpha9KO,6,15000,NaN
VGLUT3KOAlpha9KO,7,500,NaN
VGLUT3KOAlpha9KO,7,1000,NaN
VGLUT3KOAlpha9KO,7,1500,NaN
VGLUT3KOAlpha9KO,7,2000,NaN
VGLUT3KOAlpha9KO,7,2500,NaN
VGLUT3KOAlpha9KO,7,3000,NaN
VGLUT3KOAlpha9KO,7,3500,NaN
VGLUT3KOAlpha9KO,7,4000,NaN
VGLUT3KOAlpha9KO,7,4500,NaN
VGLUT3KOAlpha9KO,7,5000,-19.3026295062744
VGLUT3KOAlpha9KO,7,5500,-17.2378486368089
VGLUT3KOAlpha9KO,7,6000,-18.4471911940587
VGLUT3KOAlpha9KO,7,6500,-15.7301545006022
VGLUT3KOAlpha9KO,7,7000,-12.8362867187406
VGLUT3KOAlpha9KO,7,7500,-11.2065997541629
VGLUT3KOAlpha9KO,7,8000,-6.07287425351613
VGLUT3KOAlpha9KO,7,8500,-0.32895088936494
VGLUT3KOAlpha9KO,7,9000,4.71323731776778
VGLUT3KOAlpha9KO,7,9500,9.76492237957139
VGLUT3KOAlpha9KO,7,10000,17.3463847820603
VGLUT3KOAlpha9KO,7,10500,22.70817554368
VGLUT3KOAlpha9KO,7,11000,26.0009356801916
VGLUT3KOAlpha9KO,7,11500,27.0188528887819
VGLUT3KOAlpha9KO,7,12000,29.2494748626446
VGLUT3KOAlpha9KO,7,12500,27.0580779186515
VGLUT3KOAlpha9KO,7,13000,27.0982137836313
VGLUT3KOAlpha9KO,7,13500,21.3822684635975
VGLUT3KOAlpha9KO,7,14000,33.6875524128167
VGLUT3KOAlpha9KO,7,14500,NaN
VGLUT3KOAlpha9KO,7,15000,NaN
VGLUT3KOAlpha9KO,8,500,NaN
VGLUT3KOAlpha9KO,8,1000,NaN
VGLUT3KOAlpha9KO,8,1500,NaN
VGLUT3KOAlpha9KO,8,2000,NaN
VGLUT3KOAlpha9KO,8,2500,NaN
VGLUT3KOAlpha9KO,8,3000,NaN
VGLUT3KOAlpha9KO,8,3500,-17.6141866445352
VGLUT3KOAlpha9KO,8,4000,-21.0376226927273
VGLUT3KOAlpha9KO,8,4500,-16.9291424221545
VGLUT3KOAlpha9KO,8,5000,-14.085196728438
VGLUT3KOAlpha9KO,8,5500,-11.9079066531818
VGLUT3KOAlpha9KO,8,6000,-10.5110775760742
VGLUT3KOAlpha9KO,8,6500,-4.49988188581885
VGLUT3KOAlpha9KO,8,7000,1.58202250756215
VGLUT3KOAlpha9KO,8,7500,7.06864765090886
VGLUT3KOAlpha9KO,8,8000,11.6614605671474
VGLUT3KOAlpha9KO,8,8500,15.4751878545901
VGLUT3KOAlpha9KO,8,9000,18.8826389757668
VGLUT3KOAlpha9KO,8,9500,20.5594400800983
VGLUT3KOAlpha9KO,8,10000,27.2110349764423
VGLUT3KOAlpha9KO,8,10500,19.0436047805717
VGLUT3KOAlpha9KO,8,11000,22.3198286121082
VGLUT3KOAlpha9KO,8,11500,NaN
VGLUT3KOAlpha9KO,8,12000,NaN
VGLUT3KOAlpha9KO,8,12500,NaN
VGLUT3KOAlpha9KO,8,13000,NaN
VGLUT3KOAlpha9KO,8,13500,NaN
VGLUT3KOAlpha9KO,8,14000,NaN
VGLUT3KOAlpha9KO,8,14500,NaN
VGLUT3KOAlpha9KO,8,15000,NaN
VGLUT3KOAlpha9KO,9,500,NaN
VGLUT3KOAlpha9KO,9,1000,NaN
VGLUT3KOAlpha9KO,9,1500,NaN
VGLUT3KOAlpha9KO,9,2000,NaN
VGLUT3KOAlpha9KO,9,2500,NaN
VGLUT3KOAlpha9KO,9,3000,NaN
VGLUT3KOAlpha9KO,9,3500,-15.7001230472778
VGLUT3KOAlpha9KO,9,4000,-19.9937850118193
VGLUT3KOAlpha9KO,9,4500,-17.8218181359928
VGLUT3KOAlpha9KO,9,5000,-17.0308216281399
VGLUT3KOAlpha9KO,9,5500,-14.4661353504349
VGLUT3KOAlpha9KO,9,6000,-10.3191585189482
VGLUT3KOAlpha9KO,9,6500,-5.17203492927796
VGLUT3KOAlpha9KO,9,7000,1.8929089760443
VGLUT3KOAlpha9KO,9,7500,8.25752375796569
VGLUT3KOAlpha9KO,9,8000,12.6672974890314
VGLUT3KOAlpha9KO,9,8500,16.5013040713271
VGLUT3KOAlpha9KO,9,9000,20.2542259065577
VGLUT3KOAlpha9KO,9,9500,22.9612150025684
VGLUT3KOAlpha9KO,9,10000,23.5018665243688
VGLUT3KOAlpha9KO,9,10500,35.2224996437397
VGLUT3KOAlpha9KO,9,11000,19.2711337420899
VGLUT3KOAlpha9KO,9,11500,NaN
VGLUT3KOAlpha9KO,9,12000,NaN
VGLUT3KOAlpha9KO,9,12500,NaN
VGLUT3KOAlpha9KO,9,13000,NaN
VGLUT3KOAlpha9KO,9,13500,NaN
VGLUT3KOAlpha9KO,9,14000,NaN
VGLUT3KOAlpha9KO,9,14500,NaN
VGLUT3KOAlpha9KO,9,15000,NaN
