experiment,genotype,freq,gain
1,WT,500,NaN
1,WT,1000,NaN
1,WT,1500,NaN
1,WT,2000,NaN
1,WT,2500,-25.3670424026754
1,WT,3000,-24.0180258302162
1,WT,3500,NaN
1,WT,4000,NaN
1,WT,4500,-21.040534945679
1,WT,5000,-18.3062116792807
1,WT,5500,-18.5423517919755
1,WT,6000,-14.8835813033752
1,WT,6500,-9.99062764099319
1,WT,7000,-4.12258700614308
1,WT,7500,1.65350182537458
1,WT,8000,8.60234839493607
1,WT,8500,11.8881503091752
1,WT,9000,14.816261607647
1,WT,9500,14.7532699931627
1,WT,10000,14.369941827723
1,WT,10500,NaN
1,WT,11000,NaN
1,WT,11500,NaN
1,WT,12000,NaN
1,WT,12500,NaN
1,WT,13000,NaN
1,WT,13500,NaN
1,WT,14000,NaN
1,WT,14500,NaN
1,WT,15000,NaN
2,WT,500,NaN
2,WT,1000,NaN
2,WT,1500,NaN
2,WT,2000,NaN
2,WT,2500,NaN
2,WT,3000,NaN
2,WT,3500,NaN
2,WT,4000,NaN
2,WT,4500,-17.3044470549
2,WT,5000,-16.5524959957917
2,WT,5500,-11.6229652472591
2,WT,6000,NaN
2,WT,6500,-9.84262080058856
2,WT,7000,-1.50179066188274
2,WT,7500,5.8252615019089
2,WT,8000,12.2121203912391
2,WT,8500,13.6882294906595
2,WT,9000,18.6606690057243
2,WT,9500,17.6616119860724
2,WT,10000,24.6048667462942
2,WT,10500,NaN
2,WT,11000,NaN
2,WT,11500,NaN
2,WT,12000,NaN
2,WT,12500,NaN
2,WT,13000,NaN
2,WT,13500,NaN
2,WT,14000,NaN
2,WT,14500,NaN
2,WT,15000,NaN
3,WT,500,NaN
3,WT,1000,NaN
3,WT,1500,NaN
3,WT,2000,NaN
3,WT,2500,NaN
3,WT,3000,NaN
3,WT,3500,NaN
3,WT,4000,NaN
3,WT,4500,NaN
3,WT,5000,-17.2168860114994
3,WT,5500,-13.6885036969486
3,WT,6000,-10.4974441190683
3,WT,6500,-6.07409302669388
3,WT,7000,-0.926334977494598
3,WT,7500,4.61509032556712
3,WT,8000,11.4240304372266
3,WT,8500,18.9404830342128
3,WT,9000,22.3416740803896
3,WT,9500,25.3715143827938
3,WT,10000,26.4458271211306
3,WT,10500,25.3353919773428
3,WT,11000,36.6633206522581
3,WT,11500,23.5400832512232
3,WT,12000,31.0470581877784
3,WT,12500,NaN
3,WT,13000,NaN
3,WT,13500,NaN
3,WT,14000,NaN
3,WT,14500,NaN
3,WT,15000,NaN
4,WT,500,NaN
4,WT,1000,NaN
4,WT,1500,NaN
4,WT,2000,NaN
4,WT,2500,NaN
4,WT,3000,NaN
4,WT,3500,-15.2907156441692
4,WT,4000,NaN
4,WT,4500,-17.9408361021714
4,WT,5000,-15.2427314759129
4,WT,5500,-13.405678564338
4,WT,6000,-11.5123849645026
4,WT,6500,-8.97073434220063
4,WT,7000,-3.78139029499477
4,WT,7500,-0.133458585633697
4,WT,8000,6.86443241512777
4,WT,8500,10.5343187829081
4,WT,9000,13.6794652431868
4,WT,9500,17.7372161131011
4,WT,10000,31.7025838633092
4,WT,10500,16.1881928377539
4,WT,11000,NaN
4,WT,11500,NaN
4,WT,12000,NaN
4,WT,12500,NaN
4,WT,13000,NaN
4,WT,13500,NaN
4,WT,14000,NaN
4,WT,14500,NaN
4,WT,15000,NaN
5,WT,500,NaN
5,WT,1000,NaN
5,WT,1500,NaN
5,WT,2000,NaN
5,WT,2500,NaN
5,WT,3000,NaN
5,WT,3500,-20.7214174635173
5,WT,4000,-18.8919759807706
5,WT,4500,-17.8087497320345
5,WT,5000,-15.4802905232331
5,WT,5500,-13.1041928451149
5,WT,6000,-10.5310127315816
5,WT,6500,-5.35910990645976
5,WT,7000,-1.30350981374157
5,WT,7500,5.05492352130027
5,WT,8000,9.14183710192977
5,WT,8500,13.35836379154
5,WT,9000,16.6652761750807
5,WT,9500,25.3408690467398
5,WT,10000,16.3183076992841
5,WT,10500,NaN
5,WT,11000,NaN
5,WT,11500,NaN
5,WT,12000,NaN
5,WT,12500,NaN
5,WT,13000,NaN
5,WT,13500,NaN
5,WT,14000,NaN
5,WT,14500,NaN
5,WT,15000,NaN
6,WT,500,NaN
6,WT,1000,NaN
6,WT,1500,NaN
6,WT,2000,NaN
6,WT,2500,NaN
6,WT,3000,NaN
6,WT,3500,-12.3466623297084
6,WT,4000,NaN
6,WT,4500,-17.1741949826683
6,WT,5000,-16.0676379616668
6,WT,5500,NaN
6,WT,6000,-15.503124848565
6,WT,6500,-11.6620223037087
6,WT,7000,-9.60850068167392
6,WT,7500,-5.75795512846954
6,WT,8000,-2.39854075147135
6,WT,8500,3.42638265936224
6,WT,9000,8.34781041315373
6,WT,9500,11.8311527808724
6,WT,10000,14.8093625938097
6,WT,10500,20.3990572633063
6,WT,11000,27.7458503295171
6,WT,11500,NaN
6,WT,12000,NaN
6,WT,12500,NaN
6,WT,13000,NaN
6,WT,13500,NaN
6,WT,14000,NaN
6,WT,14500,NaN
6,WT,15000,NaN
7,WT,500,NaN
7,WT,1000,NaN
7,WT,1500,NaN
7,WT,2000,NaN
7,WT,2500,NaN
7,WT,3000,NaN
7,WT,3500,NaN
7,WT,4000,-21.0835753041987
7,WT,4500,-18.9957991899687
7,WT,5000,-16.5003589327519
7,WT,5500,-14.7526348017956
7,WT,6000,-14.7872159649841
7,WT,6500,-10.6322025604193
7,WT,7000,-8.36483659979228
7,WT,7500,-3.11817399032636
7,WT,8000,1.51560992983318
7,WT,8500,7.78109967094939
7,WT,9000,13.2582715360182
7,WT,9500,17.7400324829423
7,WT,10000,22.2303106915247
7,WT,10500,32.1482279804999
7,WT,11000,18.9854545034529
7,WT,11500,NaN
7,WT,12000,NaN
7,WT,12500,NaN
7,WT,13000,NaN
7,WT,13500,NaN
7,WT,14000,NaN
7,WT,14500,NaN
7,WT,15000,NaN
8,WT,500,NaN
8,WT,1000,NaN
8,WT,1500,NaN
8,WT,2000,NaN
8,WT,2500,NaN
8,WT,3000,NaN
8,WT,3500,NaN
8,WT,4000,-18.4062524971411
8,WT,4500,-14.3887020244472
8,WT,5000,-14.076486467718
8,WT,5500,-13.7939963233664
8,WT,6000,-11.0363720383444
8,WT,6500,-4.34969202393857
8,WT,7000,6.1095321698933
8,WT,7500,11.4299756532997
8,WT,8000,16.3758392730798
8,WT,8500,19.7799272775257
8,WT,9000,24.5299749815815
8,WT,9500,20.285527006621
8,WT,10000,22.2124425122139
8,WT,10500,NaN
8,WT,11000,NaN
8,WT,11500,NaN
8,WT,12000,NaN
8,WT,12500,NaN
8,WT,13000,NaN
8,WT,13500,NaN
8,WT,14000,NaN
8,WT,14500,NaN
8,WT,15000,NaN
9,WT,500,NaN
9,WT,1000,NaN
9,WT,1500,NaN
9,WT,2000,NaN
9,WT,2500,NaN
9,WT,3000,NaN
9,WT,3500,NaN
9,WT,4000,NaN
9,WT,4500,NaN
9,WT,5000,NaN
9,WT,5500,-16.2801278928231
9,WT,6000,-8.3637100032518
9,WT,6500,-3.81261075458191
9,WT,7000,-1.07615841626518
9,WT,7500,3.86036632602869
9,WT,8000,8.78530968728498
9,WT,8500,15.2939769634586
9,WT,9000,18.7621982429469
9,WT,9500,30.7600089247136
9,WT,10000,17.6351368337593
9,WT,10500,NaN
9,WT,11000,NaN
9,WT,11500,NaN
9,WT,12000,NaN
9,WT,12500,NaN
9,WT,13000,NaN
9,WT,13500,NaN
9,WT,14000,NaN
9,WT,14500,NaN
9,WT,15000,NaN
10,Alpha9KO,500,NaN
10,Alpha9KO,1000,NaN
10,Alpha9KO,1500,NaN
10,Alpha9KO,2000,NaN
10,Alpha9KO,2500,-15.871441682813
10,Alpha9KO,3000,-21.4262870574201
10,Alpha9KO,3500,-25.0706446032279
10,Alpha9KO,4000,-20.3926176515061
10,Alpha9KO,4500,-19.8972737645211
10,Alpha9KO,5000,-18.516045973542
10,Alpha9KO,5500,-17.0470300686009
10,Alpha9KO,6000,-13.2871629831487
10,Alpha9KO,6500,-9.37941074586697
10,Alpha9KO,7000,-3.9733489518803
10,Alpha9KO,7500,0.478380311609904
10,Alpha9KO,8000,7.09821048305559
10,Alpha9KO,8500,10.0946128966143
10,Alpha9KO,9000,13.2348004593201
10,Alpha9KO,9500,16.1139945345075
10,Alpha9KO,10000,20.4226429927516
10,Alpha9KO,10500,NaN
10,Alpha9KO,11000,NaN
10,Alpha9KO,11500,NaN
10,Alpha9KO,12000,NaN
10,Alpha9KO,12500,NaN
10,Alpha9KO,13000,NaN
10,Alpha9KO,13500,NaN
10,Alpha9KO,14000,NaN
10,Alpha9KO,14500,NaN
10,Alpha9KO,15000,NaN
11,Alpha9KO,500,NaN
11,Alpha9KO,1000,NaN
11,Alpha9KO,1500,NaN
11,Alpha9KO,2000,NaN
11,Alpha9KO,2500,NaN
11,Alpha9KO,3000,NaN
11,Alpha9KO,3500,NaN
11,Alpha9KO,4000,-16.7197901600509
11,Alpha9KO,4500,-19.848324503567
11,Alpha9KO,5000,-15.5573084798043
11,Alpha9KO,5500,-14.9748303680368
11,Alpha9KO,6000,-9.78420945900692
11,Alpha9KO,6500,-6.68812346335269
11,Alpha9KO,7000,-2.06096372194882
11,Alpha9KO,7500,3.51393280150103
11,Alpha9KO,8000,10.6060091994167
11,Alpha9KO,8500,12.672201916438
11,Alpha9KO,9000,15.7401811524587
11,Alpha9KO,9500,20.2448598605051
11,Alpha9KO,10000,21.6209882852825
11,Alpha9KO,10500,15.261446541326
11,Alpha9KO,11000,24.4611634589035
11,Alpha9KO,11500,32.9569014819493
11,Alpha9KO,12000,NaN
11,Alpha9KO,12500,NaN
11,Alpha9KO,13000,NaN
11,Alpha9KO,13500,NaN
11,Alpha9KO,14000,NaN
11,Alpha9KO,14500,NaN
11,Alpha9KO,15000,NaN
12,Alpha9KO,500,NaN
12,Alpha9KO,1000,NaN
12,Alpha9KO,1500,NaN
12,Alpha9KO,2000,NaN
12,Alpha9KO,2500,NaN
12,Alpha9KO,3000,NaN
12,Alpha9KO,3500,NaN
12,Alpha9KO,4000,NaN
12,Alpha9KO,4500,NaN
12,Alpha9KO,5000,NaN
12,Alpha9KO,5500,NaN
12,Alpha9KO,6000,-11.0381293168712
12,Alpha9KO,6500,-9.99811466371425
12,Alpha9KO,7000,-8.79991576042264
12,Alpha9KO,7500,-7.25470672005743
12,Alpha9KO,8000,2.48068876138114
12,Alpha9KO,8500,4.60934450976892
12,Alpha9KO,9000,6.76846112364374
12,Alpha9KO,9500,12.7408417039151
12,Alpha9KO,10000,13.0975162446513
12,Alpha9KO,10500,19.1455176798085
12,Alpha9KO,11000,NaN
12,Alpha9KO,11500,NaN
12,Alpha9KO,12000,NaN
12,Alpha9KO,12500,NaN
12,Alpha9KO,13000,NaN
12,Alpha9KO,13500,27.6023667370472
12,Alpha9KO,14000,NaN
12,Alpha9KO,14500,NaN
12,Alpha9KO,15000,NaN
13,Alpha9KO,500,NaN
13,Alpha9KO,1000,NaN
13,Alpha9KO,1500,NaN
13,Alpha9KO,2000,NaN
13,Alpha9KO,2500,NaN
13,Alpha9KO,3000,NaN
13,Alpha9KO,3500,NaN
13,Alpha9KO,4000,NaN
13,Alpha9KO,4500,NaN
13,Alpha9KO,5000,NaN
13,Alpha9KO,5500,-14.6125221033865
13,Alpha9KO,6000,NaN
13,Alpha9KO,6500,-14.4227303900263
13,Alpha9KO,7000,-9.85617220501661
13,Alpha9KO,7500,-4.23321367418826
13,Alpha9KO,8000,2.73313702050829
13,Alpha9KO,8500,10.034915740364
13,Alpha9KO,9000,15.6092508140439
13,Alpha9KO,9500,20.7337324763896
13,Alpha9KO,10000,24.0664030875548
13,Alpha9KO,10500,24.482707570361
13,Alpha9KO,11000,25.3992032926237
13,Alpha9KO,11500,29.5070497877215
13,Alpha9KO,12000,32.6505779915374
13,Alpha9KO,12500,NaN
13,Alpha9KO,13000,NaN
13,Alpha9KO,13500,NaN
13,Alpha9KO,14000,NaN
13,Alpha9KO,14500,NaN
13,Alpha9KO,15000,NaN
14,Alpha9KO,500,NaN
14,Alpha9KO,1000,NaN
14,Alpha9KO,1500,NaN
14,Alpha9KO,2000,NaN
14,Alpha9KO,2500,NaN
14,Alpha9KO,3000,NaN
14,Alpha9KO,3500,NaN
14,Alpha9KO,4000,NaN
14,Alpha9KO,4500,NaN
14,Alpha9KO,5000,-18.8634554902923
14,Alpha9KO,5500,-16.3430089979903
14,Alpha9KO,6000,-13.4323067323231
14,Alpha9KO,6500,-8.75460824270431
14,Alpha9KO,7000,-5.72383019518649
14,Alpha9KO,7500,-3.61209310725585
14,Alpha9KO,8000,2.51523089228241
14,Alpha9KO,8500,8.13564199739051
14,Alpha9KO,9000,11.9615615639717
14,Alpha9KO,9500,18.0773594393535
14,Alpha9KO,10000,22.0523072335298
14,Alpha9KO,10500,23.2357964821697
14,Alpha9KO,11000,17.9048637295678
14,Alpha9KO,11500,NaN
14,Alpha9KO,12000,NaN
14,Alpha9KO,12500,NaN
14,Alpha9KO,13000,NaN
14,Alpha9KO,13500,NaN
14,Alpha9KO,14000,NaN
14,Alpha9KO,14500,NaN
14,Alpha9KO,15000,NaN
15,Alpha9KO,500,NaN
15,Alpha9KO,1000,NaN
15,Alpha9KO,1500,NaN
15,Alpha9KO,2000,NaN
15,Alpha9KO,2500,NaN
15,Alpha9KO,3000,NaN
15,Alpha9KO,3500,NaN
15,Alpha9KO,4000,NaN
15,Alpha9KO,4500,-13.3166051278415
15,Alpha9KO,5000,NaN
15,Alpha9KO,5500,-17.8175458166817
15,Alpha9KO,6000,-16.2572844967737
15,Alpha9KO,6500,-14.1564380636534
15,Alpha9KO,7000,-13.6709336721832
15,Alpha9KO,7500,-8.13418754823032
15,Alpha9KO,8000,-5.9027739370678
15,Alpha9KO,8500,2.25174436386204
15,Alpha9KO,9000,7.17136941335494
15,Alpha9KO,9500,13.3500778973359
15,Alpha9KO,10000,23.8715319118724
15,Alpha9KO,10500,20.5494457097083
15,Alpha9KO,11000,NaN
15,Alpha9KO,11500,NaN
15,Alpha9KO,12000,NaN
15,Alpha9KO,12500,NaN
15,Alpha9KO,13000,NaN
15,Alpha9KO,13500,NaN
15,Alpha9KO,14000,NaN
15,Alpha9KO,14500,NaN
15,Alpha9KO,15000,NaN
16,Alpha9KO,500,NaN
16,Alpha9KO,1000,NaN
16,Alpha9KO,1500,NaN
16,Alpha9KO,2000,NaN
16,Alpha9KO,2500,NaN
16,Alpha9KO,3000,NaN
16,Alpha9KO,3500,NaN
16,Alpha9KO,4000,-20.3952783765596
16,Alpha9KO,4500,NaN
16,Alpha9KO,5000,NaN
16,Alpha9KO,5500,-19.1257804563789
16,Alpha9KO,6000,-18.5912403646729
16,Alpha9KO,6500,-15.5596941101324
16,Alpha9KO,7000,-15.0082474360027
16,Alpha9KO,7500,-10.5307086879887
16,Alpha9KO,8000,-6.25562530505412
16,Alpha9KO,8500,1.27781902843693
16,Alpha9KO,9000,6.44501335722697
16,Alpha9KO,9500,13.7385495850877
16,Alpha9KO,10000,21.7103744103406
16,Alpha9KO,10500,31.4928054044865
16,Alpha9KO,11000,22.8616902646876
16,Alpha9KO,11500,20.8846280735081
16,Alpha9KO,12000,23.8968678548902
16,Alpha9KO,12500,NaN
16,Alpha9KO,13000,NaN
16,Alpha9KO,13500,NaN
16,Alpha9KO,14000,NaN
16,Alpha9KO,14500,NaN
16,Alpha9KO,15000,NaN
17,Alpha9KO,500,NaN
17,Alpha9KO,1000,NaN
17,Alpha9KO,1500,NaN
17,Alpha9KO,2000,NaN
17,Alpha9KO,2500,NaN
17,Alpha9KO,3000,NaN
17,Alpha9KO,3500,NaN
17,Alpha9KO,4000,-11.9026308407046
17,Alpha9KO,4500,-17.6535989776582
17,Alpha9KO,5000,-12.9469986204028
17,Alpha9KO,5500,-8.30043262826231
17,Alpha9KO,6000,-5.66549802324244
17,Alpha9KO,6500,-5.00777369269625
17,Alpha9KO,7000,6.13724043529487
17,Alpha9KO,7500,14.1876505927987
17,Alpha9KO,8000,18.3209184417788
17,Alpha9KO,8500,19.8831398235578
17,Alpha9KO,9000,25.0735539735062
17,Alpha9KO,9500,28.4450422110874
17,Alpha9KO,10000,26.142072039748
17,Alpha9KO,10500,NaN
17,Alpha9KO,11000,NaN
17,Alpha9KO,11500,NaN
17,Alpha9KO,12000,NaN
17,Alpha9KO,12500,NaN
17,Alpha9KO,13000,NaN
17,Alpha9KO,13500,NaN
17,Alpha9KO,14000,NaN
17,Alpha9KO,14500,NaN
17,Alpha9KO,15000,NaN
18,Alpha9KO,500,NaN
18,Alpha9KO,1000,NaN
18,Alpha9KO,1500,NaN
18,Alpha9KO,2000,NaN
18,Alpha9KO,2500,NaN
18,Alpha9KO,3000,NaN
18,Alpha9KO,3500,NaN
18,Alpha9KO,4000,-20.5397377157291
18,Alpha9KO,4500,-18.7966690986846
18,Alpha9KO,5000,-14.5541991301999
18,Alpha9KO,5500,-14.416098050199
18,Alpha9KO,6000,-10.7901550020573
18,Alpha9KO,6500,-10.4644859786624
18,Alpha9KO,7000,-5.30378899650122
18,Alpha9KO,7500,0.706564174027015
18,Alpha9KO,8000,8.63230291484751
18,Alpha9KO,8500,15.7189419185674
18,Alpha9KO,9000,19.6411192989823
18,Alpha9KO,9500,26.3103385731272
18,Alpha9KO,10000,27.6976302489929
18,Alpha9KO,10500,24.8731979329633
18,Alpha9KO,11000,30.0371984764213
18,Alpha9KO,11500,33.678122190641
18,Alpha9KO,12000,NaN
18,Alpha9KO,12500,NaN
18,Alpha9KO,13000,NaN
18,Alpha9KO,13500,NaN
18,Alpha9KO,14000,NaN
18,Alpha9KO,14500,NaN
18,Alpha9KO,15000,NaN
19,VGLUT3KO,500,NaN
19,VGLUT3KO,1000,NaN
19,VGLUT3KO,1500,NaN
19,VGLUT3KO,2000,NaN
19,VGLUT3KO,2500,NaN
19,VGLUT3KO,3000,NaN
19,VGLUT3KO,3500,-19.6985712899525
19,VGLUT3KO,4000,-21.6389171105387
19,VGLUT3KO,4500,-19.9299269784975
19,VGLUT3KO,5000,-15.8458572792789
19,VGLUT3KO,5500,-15.8385016286591
19,VGLUT3KO,6000,-12.0291914010989
19,VGLUT3KO,6500,-8.31431387358277
19,VGLUT3KO,7000,0.0440114469274206
19,VGLUT3KO,7500,10.482663515951
19,VGLUT3KO,8000,18.3697156266811
19,VGLUT3KO,8500,21.812827403231
19,VGLUT3KO,9000,24.7255009575887
19,VGLUT3KO,9500,30.9857921293047
19,VGLUT3KO,10000,32.0432501208098
19,VGLUT3KO,10500,37.1465993209769
19,VGLUT3KO,11000,29.5846699243276
19,VGLUT3KO,11500,30.1383826877077
19,VGLUT3KO,12000,22.6304178657253
19,VGLUT3KO,12500,NaN
19,VGLUT3KO,13000,NaN
19,VGLUT3KO,13500,NaN
19,VGLUT3KO,14000,NaN
19,VGLUT3KO,14500,NaN
19,VGLUT3KO,15000,NaN
20,VGLUT3KO,500,NaN
20,VGLUT3KO,1000,NaN
20,VGLUT3KO,1500,NaN
20,VGLUT3KO,2000,NaN
20,VGLUT3KO,2500,NaN
20,VGLUT3KO,3000,-12.1121677270519
20,VGLUT3KO,3500,NaN
20,VGLUT3KO,4000,-17.3246924811325
20,VGLUT3KO,4500,-17.8560651349693
20,VGLUT3KO,5000,-13.9374216521394
20,VGLUT3KO,5500,-18.5041247135532
20,VGLUT3KO,6000,-11.015050439456
20,VGLUT3KO,6500,-12.0624321068624
20,VGLUT3KO,7000,-9.37500117759556
20,VGLUT3KO,7500,-1.0156635275662
20,VGLUT3KO,8000,7.6648593680913
20,VGLUT3KO,8500,14.7140321907804
20,VGLUT3KO,9000,20.1193908290403
20,VGLUT3KO,9500,24.2169238265424
20,VGLUT3KO,10000,26.9680305126269
20,VGLUT3KO,10500,25.4528884325237
20,VGLUT3KO,11000,28.0297869021124
20,VGLUT3KO,11500,23.7855232997913
20,VGLUT3KO,12000,23.342428847835
20,VGLUT3KO,12500,NaN
20,VGLUT3KO,13000,NaN
20,VGLUT3KO,13500,NaN
20,VGLUT3KO,14000,NaN
20,VGLUT3KO,14500,NaN
20,VGLUT3KO,15000,NaN
21,VGLUT3KO,500,NaN
21,VGLUT3KO,1000,NaN
21,VGLUT3KO,1500,NaN
21,VGLUT3KO,2000,NaN
21,VGLUT3KO,2500,NaN
21,VGLUT3KO,3000,-20.1908526050187
21,VGLUT3KO,3500,-19.2580836541988
21,VGLUT3KO,4000,-17.7106900706785
21,VGLUT3KO,4500,-17.5317687175912
21,VGLUT3KO,5000,-15.0511583994627
21,VGLUT3KO,5500,-12.6763491954439
21,VGLUT3KO,6000,-7.7056997500774
21,VGLUT3KO,6500,-1.54775223007051
21,VGLUT3KO,7000,3.42406743492546
21,VGLUT3KO,7500,14.0331279661982
21,VGLUT3KO,8000,22.7383343924767
21,VGLUT3KO,8500,27.1911993406661
21,VGLUT3KO,9000,31.2090959790633
21,VGLUT3KO,9500,31.8916781980514
21,VGLUT3KO,10000,32.7963491587999
21,VGLUT3KO,10500,34.5230574829244
21,VGLUT3KO,11000,33.3381398873263
21,VGLUT3KO,11500,29.8282101696154
21,VGLUT3KO,12000,32.4164608717537
21,VGLUT3KO,12500,33.5332824712906
21,VGLUT3KO,13000,NaN
21,VGLUT3KO,13500,NaN
21,VGLUT3KO,14000,NaN
21,VGLUT3KO,14500,NaN
21,VGLUT3KO,15000,NaN
22,VGLUT3KO,500,NaN
22,VGLUT3KO,1000,NaN
22,VGLUT3KO,1500,NaN
22,VGLUT3KO,2000,NaN
22,VGLUT3KO,2500,NaN
22,VGLUT3KO,3000,NaN
22,VGLUT3KO,3500,NaN
22,VGLUT3KO,4000,NaN
22,VGLUT3KO,4500,-19.9554969843055
22,VGLUT3KO,5000,-15.8898725087193
22,VGLUT3KO,5500,-16.1997214038192
22,VGLUT3KO,6000,-7.73865600402713
22,VGLUT3KO,6500,-3.21003641636219
22,VGLUT3KO,7000,3.43320004732908
22,VGLUT3KO,7500,18.6339266445677
22,VGLUT3KO,8000,24.7209998165906
22,VGLUT3KO,8500,28.5878137633658
22,VGLUT3KO,9000,32.8593031763325
22,VGLUT3KO,9500,32.0585879668395
22,VGLUT3KO,10000,35.9108933954653
22,VGLUT3KO,10500,28.2876366729545
22,VGLUT3KO,11000,27.1762150435555
22,VGLUT3KO,11500,NaN
22,VGLUT3KO,12000,NaN
22,VGLUT3KO,12500,NaN
22,VGLUT3KO,13000,NaN
22,VGLUT3KO,13500,NaN
22,VGLUT3KO,14000,NaN
22,VGLUT3KO,14500,NaN
22,VGLUT3KO,15000,NaN
23,VGLUT3KO,500,NaN
23,VGLUT3KO,1000,NaN
23,VGLUT3KO,1500,NaN
23,VGLUT3KO,2000,NaN
23,VGLUT3KO,2500,NaN
23,VGLUT3KO,3000,-2.9734482178641
23,VGLUT3KO,3500,NaN
23,VGLUT3KO,4000,NaN
23,VGLUT3KO,4500,NaN
23,VGLUT3KO,5000,NaN
23,VGLUT3KO,5500,-18.1008668082373
23,VGLUT3KO,6000,-14.2293742622608
23,VGLUT3KO,6500,-11.4129513371011
23,VGLUT3KO,7000,-8.03294678539812
23,VGLUT3KO,7500,-5.69097890952051
23,VGLUT3KO,8000,-0.789074826146845
23,VGLUT3KO,8500,7.90245906364543
23,VGLUT3KO,9000,12.8296789060073
23,VGLUT3KO,9500,18.7242673299822
23,VGLUT3KO,10000,23.1331924081052
23,VGLUT3KO,10500,27.8593744312722
23,VGLUT3KO,11000,27.0616345894987
23,VGLUT3KO,11500,32.2666382799818
23,VGLUT3KO,12000,28.497680300335
23,VGLUT3KO,12500,34.5417550789787
23,VGLUT3KO,13000,NaN
23,VGLUT3KO,13500,NaN
23,VGLUT3KO,14000,NaN
23,VGLUT3KO,14500,NaN
23,VGLUT3KO,15000,NaN
24,VGLUT3KO,500,NaN
24,VGLUT3KO,1000,NaN
24,VGLUT3KO,1500,NaN
24,VGLUT3KO,2000,NaN
24,VGLUT3KO,2500,NaN
24,VGLUT3KO,3000,NaN
24,VGLUT3KO,3500,-9.73656497725237
24,VGLUT3KO,4000,NaN
24,VGLUT3KO,4500,NaN
24,VGLUT3KO,5000,-15.3640065990098
24,VGLUT3KO,5500,-12.2944694021716
24,VGLUT3KO,6000,-14.0023291845411
24,VGLUT3KO,6500,-8.24746597900359
24,VGLUT3KO,7000,-4.91926069535075
24,VGLUT3KO,7500,7.0165132465118
24,VGLUT3KO,8000,15.1927719306213
24,VGLUT3KO,8500,20.5271866821791
24,VGLUT3KO,9000,22.6816805617515
24,VGLUT3KO,9500,27.1787519953316
24,VGLUT3KO,10000,28.35876101637
24,VGLUT3KO,10500,33.0162135703381
24,VGLUT3KO,11000,29.8297048043613
24,VGLUT3KO,11500,34.9107893868445
24,VGLUT3KO,12000,30.4239379974819
24,VGLUT3KO,12500,NaN
24,VGLUT3KO,13000,NaN
24,VGLUT3KO,13500,NaN
24,VGLUT3KO,14000,NaN
24,VGLUT3KO,14500,NaN
24,VGLUT3KO,15000,NaN
25,VGLUT3KO,500,NaN
25,VGLUT3KO,1000,NaN
25,VGLUT3KO,1500,NaN
25,VGLUT3KO,2000,NaN
25,VGLUT3KO,2500,NaN
25,VGLUT3KO,3000,NaN
25,VGLUT3KO,3500,NaN
25,VGLUT3KO,4000,-17.321470477886
25,VGLUT3KO,4500,-16.2994989290694
25,VGLUT3KO,5000,-16.817367369833
25,VGLUT3KO,5500,-13.0445175523727
25,VGLUT3KO,6000,-11.9170272030309
25,VGLUT3KO,6500,-9.24491754092343
25,VGLUT3KO,7000,0.295598150146752
25,VGLUT3KO,7500,9.33657526783205
25,VGLUT3KO,8000,15.8521558805467
25,VGLUT3KO,8500,19.437867666889
25,VGLUT3KO,9000,27.5057509226174
25,VGLUT3KO,9500,30.7591697310964
25,VGLUT3KO,10000,29.9605862548099
25,VGLUT3KO,10500,28.2910069139754
25,VGLUT3KO,11000,23.9930200235284
25,VGLUT3KO,11500,28.6386785788674
25,VGLUT3KO,12000,NaN
25,VGLUT3KO,12500,NaN
25,VGLUT3KO,13000,NaN
25,VGLUT3KO,13500,NaN
25,VGLUT3KO,14000,NaN
25,VGLUT3KO,14500,NaN
25,VGLUT3KO,15000,NaN
26,VGLUT3KO,500,NaN
26,VGLUT3KO,1000,NaN
26,VGLUT3KO,1500,NaN
26,VGLUT3KO,2000,NaN
26,VGLUT3KO,2500,NaN
26,VGLUT3KO,3000,NaN
26,VGLUT3KO,3500,NaN
26,VGLUT3KO,4000,-15.7002184703255
26,VGLUT3KO,4500,-16.2286133354335
26,VGLUT3KO,5000,-15.4843498093689
26,VGLUT3KO,5500,-11.1038022723844
26,VGLUT3KO,6000,-5.09359146297527
26,VGLUT3KO,6500,-2.78983806780326
26,VGLUT3KO,7000,3.10736725391423
26,VGLUT3KO,7500,7.985957872175
26,VGLUT3KO,8000,16.1906983333826
26,VGLUT3KO,8500,20.274148741301
26,VGLUT3KO,9000,23.1985106109641
26,VGLUT3KO,9500,25.9372216297864
26,VGLUT3KO,10000,21.4945530660441
26,VGLUT3KO,10500,NaN
26,VGLUT3KO,11000,NaN
26,VGLUT3KO,11500,NaN
26,VGLUT3KO,12000,NaN
26,VGLUT3KO,12500,NaN
26,VGLUT3KO,13000,NaN
26,VGLUT3KO,13500,NaN
26,VGLUT3KO,14000,NaN
26,VGLUT3KO,14500,NaN
26,VGLUT3KO,15000,NaN
27,VGLUT3KOAlpha9KO,500,NaN
27,VGLUT3KOAlpha9KO,1000,NaN
27,VGLUT3KOAlpha9KO,1500,NaN
27,VGLUT3KOAlpha9KO,2000,NaN
27,VGLUT3KOAlpha9KO,2500,NaN
27,VGLUT3KOAlpha9KO,3000,NaN
27,VGLUT3KOAlpha9KO,3500,NaN
27,VGLUT3KOAlpha9KO,4000,NaN
27,VGLUT3KOAlpha9KO,4500,-18.1768198290417
27,VGLUT3KOAlpha9KO,5000,-17.0864328958678
27,VGLUT3KOAlpha9KO,5500,-16.1844747450329
27,VGLUT3KOAlpha9KO,6000,-12.7030103090949
27,VGLUT3KOAlpha9KO,6500,-5.67702010790081
27,VGLUT3KOAlpha9KO,7000,0.280084232690641
27,VGLUT3KOAlpha9KO,7500,6.37608949268336
27,VGLUT3KOAlpha9KO,8000,11.7764666509525
27,VGLUT3KOAlpha9KO,8500,15.8862437371411
27,VGLUT3KOAlpha9KO,9000,25.2490798741862
27,VGLUT3KOAlpha9KO,9500,26.6252606419778
27,VGLUT3KOAlpha9KO,10000,26.7533048849816
27,VGLUT3KOAlpha9KO,10500,23.333226197966
27,VGLUT3KOAlpha9KO,11000,NaN
27,VGLUT3KOAlpha9KO,11500,NaN
27,VGLUT3KOAlpha9KO,12000,NaN
27,VGLUT3KOAlpha9KO,12500,NaN
27,VGLUT3KOAlpha9KO,13000,NaN
27,VGLUT3KOAlpha9KO,13500,NaN
27,VGLUT3KOAlpha9KO,14000,NaN
27,VGLUT3KOAlpha9KO,14500,NaN
27,VGLUT3KOAlpha9KO,15000,NaN
28,VGLUT3KOAlpha9KO,500,NaN
28,VGLUT3KOAlpha9KO,1000,NaN
28,VGLUT3KOAlpha9KO,1500,NaN
28,VGLUT3KOAlpha9KO,2000,NaN
28,VGLUT3KOAlpha9KO,2500,NaN
28,VGLUT3KOAlpha9KO,3000,-14.0107504560805
28,VGLUT3KOAlpha9KO,3500,-17.8175712190044
28,VGLUT3KOAlpha9KO,4000,-20.7695215457594
28,VGLUT3KOAlpha9KO,4500,-17.1657663471521
28,VGLUT3KOAlpha9KO,5000,-15.3008096951449
28,VGLUT3KOAlpha9KO,5500,-15.9871036835755
28,VGLUT3KOAlpha9KO,6000,-9.23893493425792
28,VGLUT3KOAlpha9KO,6500,-7.85612529364486
28,VGLUT3KOAlpha9KO,7000,-4.26531505270691
28,VGLUT3KOAlpha9KO,7500,3.14499837072523
28,VGLUT3KOAlpha9KO,8000,9.23396309119009
28,VGLUT3KOAlpha9KO,8500,12.0712045006833
28,VGLUT3KOAlpha9KO,9000,15.6599095187565
28,VGLUT3KOAlpha9KO,9500,21.1837947134893
28,VGLUT3KOAlpha9KO,10000,24.2979492940488
28,VGLUT3KOAlpha9KO,10500,20.0021715126646
28,VGLUT3KOAlpha9KO,11000,NaN
28,VGLUT3KOAlpha9KO,11500,NaN
28,VGLUT3KOAlpha9KO,12000,NaN
28,VGLUT3KOAlpha9KO,12500,NaN
28,VGLUT3KOAlpha9KO,13000,26.6983622629789
28,VGLUT3KOAlpha9KO,13500,NaN
28,VGLUT3KOAlpha9KO,14000,NaN
28,VGLUT3KOAlpha9KO,14500,NaN
28,VGLUT3KOAlpha9KO,15000,NaN
29,VGLUT3KOAlpha9KO,500,NaN
29,VGLUT3KOAlpha9KO,1000,NaN
29,VGLUT3KOAlpha9KO,1500,NaN
29,VGLUT3KOAlpha9KO,2000,NaN
29,VGLUT3KOAlpha9KO,2500,NaN
29,VGLUT3KOAlpha9KO,3000,-14.1902173047182
29,VGLUT3KOAlpha9KO,3500,NaN
29,VGLUT3KOAlpha9KO,4000,-18.7252986972841
29,VGLUT3KOAlpha9KO,4500,-17.2872247213791
29,VGLUT3KOAlpha9KO,5000,-14.3558615455862
29,VGLUT3KOAlpha9KO,5500,-13.6460502789136
29,VGLUT3KOAlpha9KO,6000,-8.51485142981666
29,VGLUT3KOAlpha9KO,6500,-9.09665816814509
29,VGLUT3KOAlpha9KO,7000,-0.456961484649767
29,VGLUT3KOAlpha9KO,7500,9.37715470155172
29,VGLUT3KOAlpha9KO,8000,17.1626259872878
29,VGLUT3KOAlpha9KO,8500,22.0222328840707
29,VGLUT3KOAlpha9KO,9000,27.7244205315548
29,VGLUT3KOAlpha9KO,9500,31.2814975168625
29,VGLUT3KOAlpha9KO,10000,32.3008261173434
29,VGLUT3KOAlpha9KO,10500,32.2590036151834
29,VGLUT3KOAlpha9KO,11000,31.8139360443847
29,VGLUT3KOAlpha9KO,11500,29.9145553352499
29,VGLUT3KOAlpha9KO,12000,NaN
29,VGLUT3KOAlpha9KO,12500,NaN
29,VGLUT3KOAlpha9KO,13000,NaN
29,VGLUT3KOAlpha9KO,13500,NaN
29,VGLUT3KOAlpha9KO,14000,NaN
29,VGLUT3KOAlpha9KO,14500,NaN
29,VGLUT3KOAlpha9KO,15000,NaN
30,VGLUT3KOAlpha9KO,500,NaN
30,VGLUT3KOAlpha9KO,1000,NaN
30,VGLUT3KOAlpha9KO,1500,NaN
30,VGLUT3KOAlpha9KO,2000,NaN
30,VGLUT3KOAlpha9KO,2500,NaN
30,VGLUT3KOAlpha9KO,3000,NaN
30,VGLUT3KOAlpha9KO,3500,NaN
30,VGLUT3KOAlpha9KO,4000,NaN
30,VGLUT3KOAlpha9KO,4500,-15.7059252248576
30,VGLUT3KOAlpha9KO,5000,NaN
30,VGLUT3KOAlpha9KO,5500,-14.0061746323104
30,VGLUT3KOAlpha9KO,6000,-9.68844914341808
30,VGLUT3KOAlpha9KO,6500,-7.74843798680606
30,VGLUT3KOAlpha9KO,7000,-6.79912570634411
30,VGLUT3KOAlpha9KO,7500,-0.0785828928935288
30,VGLUT3KOAlpha9KO,8000,NaN
30,VGLUT3KOAlpha9KO,8500,5.21970815323159
30,VGLUT3KOAlpha9KO,9000,7.17363966394041
30,VGLUT3KOAlpha9KO,9500,NaN
30,VGLUT3KOAlpha9KO,10000,NaN
30,VGLUT3KOAlpha9KO,10500,NaN
30,VGLUT3KOAlpha9KO,11000,NaN
30,VGLUT3KOAlpha9KO,11500,NaN
30,VGLUT3KOAlpha9KO,12000,NaN
30,VGLUT3KOAlpha9KO,12500,NaN
30,VGLUT3KOAlpha9KO,13000,NaN
30,VGLUT3KOAlpha9KO,13500,NaN
30,VGLUT3KOAlpha9KO,14000,NaN
30,VGLUT3KOAlpha9KO,14500,NaN
30,VGLUT3KOAlpha9KO,15000,NaN
31,VGLUT3KOAlpha9KO,500,NaN
31,VGLUT3KOAlpha9KO,1000,NaN
31,VGLUT3KOAlpha9KO,1500,NaN
31,VGLUT3KOAlpha9KO,2000,NaN
31,VGLUT3KOAlpha9KO,2500,NaN
31,VGLUT3KOAlpha9KO,3000,NaN
31,VGLUT3KOAlpha9KO,3500,NaN
31,VGLUT3KOAlpha9KO,4000,NaN
31,VGLUT3KOAlpha9KO,4500,NaN
31,VGLUT3KOAlpha9KO,5000,NaN
31,VGLUT3KOAlpha9KO,5500,-15.2850680048471
31,VGLUT3KOAlpha9KO,6000,-12.0802260839368
31,VGLUT3KOAlpha9KO,6500,-10.4045972285581
31,VGLUT3KOAlpha9KO,7000,-10.113783284165
31,VGLUT3KOAlpha9KO,7500,-3.37328331431981
31,VGLUT3KOAlpha9KO,8000,-0.545038045596151
31,VGLUT3KOAlpha9KO,8500,4.02204082716642
31,VGLUT3KOAlpha9KO,9000,7.11858143168708
31,VGLUT3KOAlpha9KO,9500,9.74228535971827
31,VGLUT3KOAlpha9KO,10000,6.04220519034132
31,VGLUT3KOAlpha9KO,10500,NaN
31,VGLUT3KOAlpha9KO,11000,NaN
31,VGLUT3KOAlpha9KO,11500,NaN
31,VGLUT3KOAlpha9KO,12000,NaN
31,VGLUT3KOAlpha9KO,12500,NaN
31,VGLUT3KOAlpha9KO,13000,NaN
31,VGLUT3KOAlpha9KO,13500,NaN
31,VGLUT3KOAlpha9KO,14000,NaN
31,VGLUT3KOAlpha9KO,14500,NaN
31,VGLUT3KOAlpha9KO,15000,NaN
32,VGLUT3KOAlpha9KO,500,NaN
32,VGLUT3KOAlpha9KO,1000,NaN
32,VGLUT3KOAlpha9KO,1500,NaN
32,VGLUT3KOAlpha9KO,2000,NaN
32,VGLUT3KOAlpha9KO,2500,NaN
32,VGLUT3KOAlpha9KO,3000,NaN
32,VGLUT3KOAlpha9KO,3500,NaN
32,VGLUT3KOAlpha9KO,4000,-19.925271035259
32,VGLUT3KOAlpha9KO,4500,-14.1862233363466
32,VGLUT3KOAlpha9KO,5000,-11.612286923815
32,VGLUT3KOAlpha9KO,5500,-12.7382325741316
32,VGLUT3KOAlpha9KO,6000,-10.1408871901337
32,VGLUT3KOAlpha9KO,6500,-5.2859132745433
32,VGLUT3KOAlpha9KO,7000,4.17941605703354
32,VGLUT3KOAlpha9KO,7500,11.8438731151745
32,VGLUT3KOAlpha9KO,8000,17.1767316085887
32,VGLUT3KOAlpha9KO,8500,22.0692571027112
32,VGLUT3KOAlpha9KO,9000,19.6271478920185
32,VGLUT3KOAlpha9KO,9500,19.3105401233846
32,VGLUT3KOAlpha9KO,10000,NaN
32,VGLUT3KOAlpha9KO,10500,NaN
32,VGLUT3KOAlpha9KO,11000,NaN
32,VGLUT3KOAlpha9KO,11500,NaN
32,VGLUT3KOAlpha9KO,12000,NaN
32,VGLUT3KOAlpha9KO,12500,NaN
32,VGLUT3KOAlpha9KO,13000,NaN
32,VGLUT3KOAlpha9KO,13500,NaN
32,VGLUT3KOAlpha9KO,14000,NaN
32,VGLUT3KOAlpha9KO,14500,NaN
32,VGLUT3KOAlpha9KO,15000,NaN
33,VGLUT3KOAlpha9KO,500,NaN
33,VGLUT3KOAlpha9KO,1000,NaN
33,VGLUT3KOAlpha9KO,1500,NaN
33,VGLUT3KOAlpha9KO,2000,NaN
33,VGLUT3KOAlpha9KO,2500,NaN
33,VGLUT3KOAlpha9KO,3000,NaN
33,VGLUT3KOAlpha9KO,3500,NaN
33,VGLUT3KOAlpha9KO,4000,NaN
33,VGLUT3KOAlpha9KO,4500,NaN
33,VGLUT3KOAlpha9KO,5000,-19.3026295062744
33,VGLUT3KOAlpha9KO,5500,-17.2378486368089
33,VGLUT3KOAlpha9KO,6000,-18.4471911940587
33,VGLUT3KOAlpha9KO,6500,-15.7301545006022
33,VGLUT3KOAlpha9KO,7000,-12.8362867187406
33,VGLUT3KOAlpha9KO,7500,-11.2065997541629
33,VGLUT3KOAlpha9KO,8000,-6.07287425351613
33,VGLUT3KOAlpha9KO,8500,-0.32895088936494
33,VGLUT3KOAlpha9KO,9000,4.71323731776778
33,VGLUT3KOAlpha9KO,9500,9.76492237957139
33,VGLUT3KOAlpha9KO,10000,17.3463847820603
33,VGLUT3KOAlpha9KO,10500,22.70817554368
33,VGLUT3KOAlpha9KO,11000,26.0009356801916
33,VGLUT3KOAlpha9KO,11500,27.0188528887819
33,VGLUT3KOAlpha9KO,12000,29.2494748626446
33,VGLUT3KOAlpha9KO,12500,27.0580779186515
33,VGLUT3KOAlpha9KO,13000,27.0982137836313
33,VGLUT3KOAlpha9KO,13500,21.3822684635975
33,VGLUT3KOAlpha9KO,14000,33.6875524128167
33,VGLUT3KOAlpha9KO,14500,NaN
33,VGLUT3KOAlpha9KO,15000,NaN
34,VGLUT3KOAlpha9KO,500,NaN
34,VGLUT3KOAlpha9KO,1000,NaN
34,VGLUT3KOAlpha9KO,1500,NaN
34,VGLUT3KOAlpha9KO,2000,NaN
34,VGLUT3KOAlpha9KO,2500,NaN
34,VGLUT3KOAlpha9KO,3000,NaN
34,VGLUT3KOAlpha9KO,3500,-17.6141866445352
34,VGLUT3KOAlpha9KO,4000,-21.0376226927273
34,VGLUT3KOAlpha9KO,4500,-16.9291424221545
34,VGLUT3KOAlpha9KO,5000,-14.085196728438
34,VGLUT3KOAlpha9KO,5500,-11.9079066531818
34,VGLUT3KOAlpha9KO,6000,-10.5110775760742
34,VGLUT3KOAlpha9KO,6500,-4.49988188581885
34,VGLUT3KOAlpha9KO,7000,1.58202250756215
34,VGLUT3KOAlpha9KO,7500,7.06864765090886
34,VGLUT3KOAlpha9KO,8000,11.6614605671474
34,VGLUT3KOAlpha9KO,8500,15.4751878545901
34,VGLUT3KOAlpha9KO,9000,18.8826389757668
34,VGLUT3KOAlpha9KO,9500,20.5594400800983
34,VGLUT3KOAlpha9KO,10000,27.2110349764423
34,VGLUT3KOAlpha9KO,10500,19.0436047805717
34,VGLUT3KOAlpha9KO,11000,22.3198286121082
34,VGLUT3KOAlpha9KO,11500,NaN
34,VGLUT3KOAlpha9KO,12000,NaN
34,VGLUT3KOAlpha9KO,12500,NaN
34,VGLUT3KOAlpha9KO,13000,NaN
34,VGLUT3KOAlpha9KO,13500,NaN
34,VGLUT3KOAlpha9KO,14000,NaN
34,VGLUT3KOAlpha9KO,14500,NaN
34,VGLUT3KOAlpha9KO,15000,NaN
35,VGLUT3KOAlpha9KO,500,NaN
35,VGLUT3KOAlpha9KO,1000,NaN
35,VGLUT3KOAlpha9KO,1500,NaN
35,VGLUT3KOAlpha9KO,2000,NaN
35,VGLUT3KOAlpha9KO,2500,NaN
35,VGLUT3KOAlpha9KO,3000,NaN
35,VGLUT3KOAlpha9KO,3500,-15.7001230472778
35,VGLUT3KOAlpha9KO,4000,-19.9937850118193
35,VGLUT3KOAlpha9KO,4500,-17.8218181359928
35,VGLUT3KOAlpha9KO,5000,-17.0308216281399
35,VGLUT3KOAlpha9KO,5500,-14.4661353504349
35,VGLUT3KOAlpha9KO,6000,-10.3191585189482
35,VGLUT3KOAlpha9KO,6500,-5.17203492927796
35,VGLUT3KOAlpha9KO,7000,1.8929089760443
35,VGLUT3KOAlpha9KO,7500,8.25752375796569
35,VGLUT3KOAlpha9KO,8000,12.6672974890314
35,VGLUT3KOAlpha9KO,8500,16.5013040713271
35,VGLUT3KOAlpha9KO,9000,20.2542259065577
35,VGLUT3KOAlpha9KO,9500,22.9612150025684
35,VGLUT3KOAlpha9KO,10000,23.5018665243688
35,VGLUT3KOAlpha9KO,10500,35.2224996437397
35,VGLUT3KOAlpha9KO,11000,19.2711337420899
35,VGLUT3KOAlpha9KO,11500,NaN
35,VGLUT3KOAlpha9KO,12000,NaN
35,VGLUT3KOAlpha9KO,12500,NaN
35,VGLUT3KOAlpha9KO,13000,NaN
35,VGLUT3KOAlpha9KO,13500,NaN
35,VGLUT3KOAlpha9KO,14000,NaN
35,VGLUT3KOAlpha9KO,14500,NaN
35,VGLUT3KOAlpha9KO,15000,NaN
