experiment,genotype,level,q,bf
1,WT,-10,NaN,NaN
1,WT,0,NaN,7500
1,WT,10,2.45902745628171,8000
1,WT,20,2.65459006018337,8000
1,WT,30,2.36564554978474,8000
1,WT,40,2.1188662292788,8000
1,WT,50,1.73510321349183,7000
1,WT,60,1.06192021333327,7000
1,WT,70,0.45131573244004,3000
1,WT,80,0.545080204394993,3000
1,WT,90,0.618275584123374,3000
2,WT,-10,NaN,8500
2,WT,0,NaN,8000
2,WT,10,2.83205936779166,8000
2,WT,20,2.97164056398278,8500
2,WT,30,2.7767379300493,8000
2,WT,40,2.28539161575311,7500
2,WT,50,1.64929680360957,7500
2,WT,60,1.49960923238349,7500
2,WT,70,1.27703372297964,6500
2,WT,80,0.996962482545504,5000
2,WT,90,1.22074289070508,5000
3,WT,-10,NaN,NaN
3,WT,0,3.48644822452396,9000
3,WT,10,3.28966065474956,9000
3,WT,20,3.55493440484818,9000
3,WT,30,3.03428712564442,9000
3,WT,40,2.06688180969551,8000
3,WT,50,1.78078205549024,8000
3,WT,60,1.48256976851129,7500
3,WT,70,1.27541202496685,6500
3,WT,80,1.34125488058443,6000
3,WT,90,1.38036631239882,5500
4,WT,-10,NaN,NaN
4,WT,0,NaN,8000
4,WT,10,2.27847710726321,8000
4,WT,20,2.17782556133415,8000
4,WT,30,2.41249079595689,8000
4,WT,40,2.0439061800002,8000
4,WT,50,1.68245971250101,7500
4,WT,60,1.49123807532974,7000
4,WT,70,1.3548762744691,7000
4,WT,80,1.14805189362288,5500
4,WT,90,1.36102381882167,5500
5,WT,-10,NaN,NaN
5,WT,0,NaN,8000
5,WT,10,NaN,3800
5,WT,20,1.35344348133762,8000
5,WT,30,1.37680011867571,8000
5,WT,40,1.24489430313669,7500
5,WT,50,0.802242351967914,4500
5,WT,60,0.877545414105892,4500
5,WT,70,1.09375798186512,4500
5,WT,80,1.40519193891823,4000
5,WT,90,1.09119041590131,3500
6,WT,-10,NaN,8000
6,WT,0,NaN,9000
6,WT,10,NaN,8500
6,WT,20,2.65837249848361,9000
6,WT,30,2.67292770322826,9000
6,WT,40,2.5112262747338,9000
6,WT,50,2.0700172811815,8000
6,WT,60,1.72690389342258,8000
6,WT,70,1.34731413692599,7000
6,WT,80,1.35334664236016,7000
6,WT,90,1.23135951637432,6000
7,WT,-10,NaN,NaN
7,WT,0,NaN,9000
7,WT,10,2.53637036216619,9000
7,WT,20,3.13163737099274,9000
7,WT,30,3.12252672980945,9000
7,WT,40,2.29395675414099,8500
7,WT,50,1.6885138910665,8000
7,WT,60,1.12353108222099,6500
7,WT,70,1.10936493890339,6500
7,WT,80,1.11496763974323,6500
7,WT,90,1.03580920982582,5000
8,WT,-10,NaN,6500
8,WT,0,3.04748638557513,8500
8,WT,10,3.0974081709328,8000
8,WT,20,3.04567496629374,8000
8,WT,30,2.8752001303231,8000
8,WT,40,2.44630560431888,7500
8,WT,50,1.98326409800197,7500
8,WT,60,1.42158086116557,6500
8,WT,70,1.30537951910843,6500
8,WT,80,1.17260942238263,5500
8,WT,90,1.10316507050102,4500
9,WT,-10,NaN,NaN
9,WT,0,NaN,NaN
9,WT,10,NaN,8500
9,WT,20,2.46262637505798,8500
9,WT,30,2.57937810525934,8500
9,WT,40,2.01582072490171,7000
9,WT,50,1.76709365629751,7000
9,WT,60,1.41313979290738,6500
9,WT,70,1.37193032747755,6500
9,WT,80,1.29566542415487,6000
9,WT,90,1.27111889402772,5500
10,Alpha9KO,-10,NaN,NaN
10,Alpha9KO,0,NaN,7500
10,Alpha9KO,10,1.89314131387238,8000
10,Alpha9KO,20,1.70615489396578,8000
10,Alpha9KO,30,1.76411437698639,8000
10,Alpha9KO,40,1.30528524527425,7000
10,Alpha9KO,50,1.25744953844973,7000
10,Alpha9KO,60,1.09863055988516,6000
10,Alpha9KO,70,1.11366888011966,5500
10,Alpha9KO,80,1.18519964092251,5500
10,Alpha9KO,90,1.10763159961131,5000
11,Alpha9KO,-10,NaN,8000
11,Alpha9KO,0,NaN,8000
11,Alpha9KO,10,2.95358202152952,8500
11,Alpha9KO,20,2.57825730106442,8500
11,Alpha9KO,30,2.22470916847888,8000
11,Alpha9KO,40,2.14948807958979,8000
11,Alpha9KO,50,1.98019801485169,8000
11,Alpha9KO,60,1.4744104347186,7500
11,Alpha9KO,70,1.15782591211533,6500
11,Alpha9KO,80,1.04535782157559,6000
11,Alpha9KO,90,1.0300768778824,5000
12,Alpha9KO,-10,NaN,NaN
12,Alpha9KO,0,NaN,8500
12,Alpha9KO,10,NaN,8500
12,Alpha9KO,20,2.2404012631789,8000
12,Alpha9KO,30,2.80859814681028,8500
12,Alpha9KO,40,2.37778190278488,8500
12,Alpha9KO,50,2.04759567641117,8000
12,Alpha9KO,60,1.71433573631661,8000
12,Alpha9KO,70,1.38949405738435,7000
12,Alpha9KO,80,1.2940855312472,7000
12,Alpha9KO,90,1.11498629894713,5500
13,Alpha9KO,-10,NaN,10000
13,Alpha9KO,0,3.22358872762831,9500
13,Alpha9KO,10,3.253726566277,9500
13,Alpha9KO,20,3.29481322833412,9500
13,Alpha9KO,30,3.05617905943361,9000
13,Alpha9KO,40,2.63784196116333,8500
13,Alpha9KO,50,2.50547833501217,8500
13,Alpha9KO,60,2.19858260975131,8000
13,Alpha9KO,70,1.68192852818345,7500
13,Alpha9KO,80,1.52418431497855,7000
13,Alpha9KO,90,1.17094837459286,2500
14,Alpha9KO,-10,NaN,10500
14,Alpha9KO,0,NaN,9500
14,Alpha9KO,10,NaN,9000
14,Alpha9KO,20,2.5991986790553,9500
14,Alpha9KO,30,2.2753605259321,9500
14,Alpha9KO,40,1.72435940707595,8000
14,Alpha9KO,50,1.60751981975417,7500
14,Alpha9KO,60,1.56851969203771,7500
14,Alpha9KO,70,1.42910863587861,7000
14,Alpha9KO,80,1.16492711159973,6000
14,Alpha9KO,90,1.29170422495195,6000
15,Alpha9KO,-10,NaN,NaN
15,Alpha9KO,0,NaN,NaN
15,Alpha9KO,10,NaN,9500
15,Alpha9KO,20,3.2311651143307,9500
15,Alpha9KO,30,3.24378986756207,9500
15,Alpha9KO,40,2.5160347096167,9500
15,Alpha9KO,50,2.01329921141553,8000
15,Alpha9KO,60,1.7713590278137,8000
15,Alpha9KO,70,1.29058421010984,7000
15,Alpha9KO,80,1.2849570456051,7000
15,Alpha9KO,90,1.15833902615634,6000
16,Alpha9KO,-10,NaN,NaN
16,Alpha9KO,0,NaN,9500
16,Alpha9KO,10,2.77219372611022,9500
16,Alpha9KO,20,3.17189296450676,9500
16,Alpha9KO,30,2.90854047902116,9500
16,Alpha9KO,40,2.21794394461853,9000
16,Alpha9KO,50,1.89755269289366,8500
16,Alpha9KO,60,1.49554912991499,8500
16,Alpha9KO,70,1.08134646222064,6500
16,Alpha9KO,80,1.12998186203674,6500
16,Alpha9KO,90,1.11197513446284,6000
17,Alpha9KO,-10,NaN,8000
17,Alpha9KO,0,NaN,8000
17,Alpha9KO,10,3.09453329009803,8000
17,Alpha9KO,20,3.05477176819393,8000
17,Alpha9KO,30,3.0154607979438,8000
17,Alpha9KO,40,2.18142584783846,8000
17,Alpha9KO,50,1.59970729965911,7000
17,Alpha9KO,60,1.48745998375799,7000
17,Alpha9KO,70,1.36302077181557,6500
17,Alpha9KO,80,1.04519066788471,5000
17,Alpha9KO,90,1.20629812812387,5000
18,Alpha9KO,-10,NaN,8000
18,Alpha9KO,0,3.13446979821742,9500
18,Alpha9KO,10,3.29347695047985,9500
18,Alpha9KO,20,3.13374505483695,9500
18,Alpha9KO,30,2.56950211102339,8500
18,Alpha9KO,40,2.06684385704609,8500
18,Alpha9KO,50,1.60857500655471,8000
18,Alpha9KO,60,1.52299007302872,8000
18,Alpha9KO,70,1.39731641353255,7500
18,Alpha9KO,80,1.13280152870456,6000
18,Alpha9KO,90,1.11713016721854,5000
19,VGLUT3KO,-10,NaN,9000
19,VGLUT3KO,0,2.43528544838233,8500
19,VGLUT3KO,10,2.52842918295133,8500
19,VGLUT3KO,20,2.51586373760144,8000
19,VGLUT3KO,30,2.68366758393366,8000
19,VGLUT3KO,40,2.57177830933875,8000
19,VGLUT3KO,50,2.11691424370337,8000
19,VGLUT3KO,60,1.56179801843981,7500
19,VGLUT3KO,70,1.25293967095944,6500
19,VGLUT3KO,80,1.13299482825553,6000
19,VGLUT3KO,90,0.943899128462937,4500
20,VGLUT3KO,-10,NaN,9000
20,VGLUT3KO,0,3.29453747169844,9500
20,VGLUT3KO,10,3.3802154015302,9000
20,VGLUT3KO,20,3.25215610184653,9000
20,VGLUT3KO,30,3.10427107777857,9000
20,VGLUT3KO,40,2.64964833767407,8500
20,VGLUT3KO,50,2.00913753688092,8500
20,VGLUT3KO,60,1.5247739085806,8000
20,VGLUT3KO,70,1.29405881313121,7500
20,VGLUT3KO,80,1.12050415057039,6500
20,VGLUT3KO,90,1.06254137219405,5500
21,VGLUT3KO,-10,NaN,9000
21,VGLUT3KO,0,3.42888636877143,9500
21,VGLUT3KO,10,3.10867555436557,9000
21,VGLUT3KO,20,3.0731462603692,9000
21,VGLUT3KO,30,2.29153170289198,8500
21,VGLUT3KO,40,1.8074909057794,8000
21,VGLUT3KO,50,1.49922958285241,8000
21,VGLUT3KO,60,1.12070152120213,6000
21,VGLUT3KO,70,1.2182543773133,5500
21,VGLUT3KO,80,1.29304002511353,5000
21,VGLUT3KO,90,1.16597960173055,4500
22,VGLUT3KO,-10,NaN,8500
22,VGLUT3KO,0,3.89924995459634,8500
22,VGLUT3KO,10,3.11747797216516,8000
22,VGLUT3KO,20,3.27986755673407,8000
22,VGLUT3KO,30,3.04690302423308,8000
22,VGLUT3KO,40,2.04845246896278,7500
22,VGLUT3KO,50,1.62928330787779,7500
22,VGLUT3KO,60,1.33574413411698,6500
22,VGLUT3KO,70,1.20476153524339,5500
22,VGLUT3KO,80,1.41005838776289,5500
22,VGLUT3KO,90,1.38850551188786,5000
23,VGLUT3KO,-10,NaN,9500
23,VGLUT3KO,0,NaN,4000
23,VGLUT3KO,10,3.14258978062389,10000
23,VGLUT3KO,20,3.23705063047517,10000
23,VGLUT3KO,30,3.22003371150551,9500
23,VGLUT3KO,40,2.42155782505076,9500
23,VGLUT3KO,50,1.81074352893845,8500
23,VGLUT3KO,60,1.52509911407657,8500
23,VGLUT3KO,70,1.33750701572916,8000
23,VGLUT3KO,80,1.1955637258242,6500
23,VGLUT3KO,90,1.28807858566695,6000
24,VGLUT3KO,-10,NaN,NaN
24,VGLUT3KO,0,2.47585911962693,8500
24,VGLUT3KO,10,2.57567546634764,8500
24,VGLUT3KO,20,2.81551612913506,8500
24,VGLUT3KO,30,3.02041209733474,8500
24,VGLUT3KO,40,2.22150746043365,8000
24,VGLUT3KO,50,1.96729468886913,8000
24,VGLUT3KO,60,1.52465992128561,7000
24,VGLUT3KO,70,1.50831392711382,6500
24,VGLUT3KO,80,1.42786252129157,6000
24,VGLUT3KO,90,1.46865998264196,6000
25,VGLUT3KO,-10,NaN,8000
25,VGLUT3KO,0,3.13520193471709,8500
25,VGLUT3KO,10,3.03183907796774,8500
25,VGLUT3KO,20,3.1109440813151,9000
25,VGLUT3KO,30,2.84327358498983,8500
25,VGLUT3KO,40,2.3162911765301,7500
25,VGLUT3KO,50,1.81774139146484,7000
25,VGLUT3KO,60,1.64400882818439,7000
25,VGLUT3KO,70,1.40964828583364,7000
25,VGLUT3KO,80,1.270010587921,6000
25,VGLUT3KO,90,1.13079912991284,5000
26,VGLUT3KO,-10,NaN,NaN
26,VGLUT3KO,0,3.17993533736586,8000
26,VGLUT3KO,10,2.2783497118901,8500
26,VGLUT3KO,20,2.23753774964246,8000
26,VGLUT3KO,30,2.04708255185667,8000
26,VGLUT3KO,40,1.79145679405132,7500
26,VGLUT3KO,50,1.51865373131551,7000
26,VGLUT3KO,60,1.38660489372581,6500
26,VGLUT3KO,70,1.28596110653235,6000
26,VGLUT3KO,80,1.19839213233173,5000
26,VGLUT3KO,90,1.29801708489798,5000
27,VGLUT3KOAlpha9KO,-10,NaN,NaN
27,VGLUT3KOAlpha9KO,0,NaN,8000
27,VGLUT3KOAlpha9KO,10,2.68075093195974,8000
27,VGLUT3KOAlpha9KO,20,2.27491535730565,8000
27,VGLUT3KOAlpha9KO,30,2.51077758355599,8000
27,VGLUT3KOAlpha9KO,40,2.50156941553571,8000
27,VGLUT3KOAlpha9KO,50,2.24359742357286,7500
27,VGLUT3KOAlpha9KO,60,1.72072221664169,7000
27,VGLUT3KOAlpha9KO,70,1.47649288661343,6500
27,VGLUT3KOAlpha9KO,80,1.25312511031669,6000
27,VGLUT3KOAlpha9KO,90,1.17150880663218,5500
28,VGLUT3KOAlpha9KO,-10,NaN,NaN
28,VGLUT3KOAlpha9KO,0,NaN,8000
28,VGLUT3KOAlpha9KO,10,1.78452643826955,8000
28,VGLUT3KOAlpha9KO,20,1.84829776615705,8500
28,VGLUT3KOAlpha9KO,30,1.96087639369775,8500
28,VGLUT3KOAlpha9KO,40,1.57380999826723,8000
28,VGLUT3KOAlpha9KO,50,1.4533992489025,7500
28,VGLUT3KOAlpha9KO,60,1.41828180455026,7000
28,VGLUT3KOAlpha9KO,70,1.12970106230185,5500
28,VGLUT3KOAlpha9KO,80,1.24753833631682,5000
28,VGLUT3KOAlpha9KO,90,1.34428425115475,5000
29,VGLUT3KOAlpha9KO,-10,NaN,9000
29,VGLUT3KOAlpha9KO,0,3.3012158328243,9000
29,VGLUT3KOAlpha9KO,10,3.37131993101848,9000
29,VGLUT3KOAlpha9KO,20,3.27060304137244,9000
29,VGLUT3KOAlpha9KO,30,2.99255104397706,8500
29,VGLUT3KOAlpha9KO,40,2.57682955285158,8000
29,VGLUT3KOAlpha9KO,50,1.75456287255029,7500
29,VGLUT3KOAlpha9KO,60,1.50847698092155,7500
29,VGLUT3KOAlpha9KO,70,1.17734126219118,6000
29,VGLUT3KOAlpha9KO,80,1.13683188856681,5500
29,VGLUT3KOAlpha9KO,90,1.12754266639812,4500
30,VGLUT3KOAlpha9KO,-10,NaN,NaN
30,VGLUT3KOAlpha9KO,0,NaN,NaN
30,VGLUT3KOAlpha9KO,10,NaN,11000
30,VGLUT3KOAlpha9KO,20,NaN,7500
30,VGLUT3KOAlpha9KO,30,2.27205576363711,8000
30,VGLUT3KOAlpha9KO,40,2.02094137851699,7500
30,VGLUT3KOAlpha9KO,50,1.73433496967823,8000
30,VGLUT3KOAlpha9KO,60,1.42542521753865,7000
30,VGLUT3KOAlpha9KO,70,1.12641441683855,6000
30,VGLUT3KOAlpha9KO,80,1.00226119959967,5000
30,VGLUT3KOAlpha9KO,90,1.28906414108002,5000
31,VGLUT3KOAlpha9KO,-10,NaN,NaN
31,VGLUT3KOAlpha9KO,0,NaN,4000
31,VGLUT3KOAlpha9KO,10,NaN,8500
31,VGLUT3KOAlpha9KO,20,NaN,8500
31,VGLUT3KOAlpha9KO,30,1.95442500462256,8500
31,VGLUT3KOAlpha9KO,40,1.91618610324677,8500
31,VGLUT3KOAlpha9KO,50,1.72596321145306,8500
31,VGLUT3KOAlpha9KO,60,1.23769519266459,7000
31,VGLUT3KOAlpha9KO,70,1.00120415807127,5500
31,VGLUT3KOAlpha9KO,80,1.06704888455805,5500
31,VGLUT3KOAlpha9KO,90,1.23067194527944,5000
32,VGLUT3KOAlpha9KO,-10,NaN,NaN
32,VGLUT3KOAlpha9KO,0,3.84160992809823,8500
32,VGLUT3KOAlpha9KO,10,4.40735280246535,8500
32,VGLUT3KOAlpha9KO,20,3.90913307002317,8000
32,VGLUT3KOAlpha9KO,30,3.192966231128,8000
32,VGLUT3KOAlpha9KO,40,2.5091211423885,8000
32,VGLUT3KOAlpha9KO,50,1.76027350836624,7000
32,VGLUT3KOAlpha9KO,60,1.56977373139837,7000
32,VGLUT3KOAlpha9KO,70,1.32601025296383,6500
32,VGLUT3KOAlpha9KO,80,1.13527516946793,6000
32,VGLUT3KOAlpha9KO,90,1.11850370246482,5000
33,VGLUT3KOAlpha9KO,-10,NaN,NaN
33,VGLUT3KOAlpha9KO,0,3.80176796284996,10500
33,VGLUT3KOAlpha9KO,10,3.7003112637199,11000
33,VGLUT3KOAlpha9KO,20,3.27847406097951,10500
33,VGLUT3KOAlpha9KO,30,2.9163326117231,10000
33,VGLUT3KOAlpha9KO,40,2.69416421482139,10000
33,VGLUT3KOAlpha9KO,50,1.96010480453937,9500
33,VGLUT3KOAlpha9KO,60,1.60454361651331,8500
33,VGLUT3KOAlpha9KO,70,1.46128107755452,8000
33,VGLUT3KOAlpha9KO,80,1.14896743375765,6500
33,VGLUT3KOAlpha9KO,90,1.22072375599467,6000
34,VGLUT3KOAlpha9KO,-10,NaN,9000
34,VGLUT3KOAlpha9KO,0,NaN,8500
34,VGLUT3KOAlpha9KO,10,3.04171796518048,8500
34,VGLUT3KOAlpha9KO,20,2.86822126164073,8000
34,VGLUT3KOAlpha9KO,30,2.85586358832201,8000
34,VGLUT3KOAlpha9KO,40,2.50478268305976,7500
34,VGLUT3KOAlpha9KO,50,1.84379424289234,7500
34,VGLUT3KOAlpha9KO,60,1.57282592781633,7500
34,VGLUT3KOAlpha9KO,70,1.21317604979321,6500
34,VGLUT3KOAlpha9KO,80,0.943653491209529,5000
34,VGLUT3KOAlpha9KO,90,1.00381065220034,4500
35,VGLUT3KOAlpha9KO,-10,NaN,NaN
35,VGLUT3KOAlpha9KO,0,2.67754276930623,9000
35,VGLUT3KOAlpha9KO,10,2.50050774023259,8000
35,VGLUT3KOAlpha9KO,20,2.29632074451761,8000
35,VGLUT3KOAlpha9KO,30,2.19198542624275,8000
35,VGLUT3KOAlpha9KO,40,2.04948392515507,7500
35,VGLUT3KOAlpha9KO,50,1.74422301230277,7500
35,VGLUT3KOAlpha9KO,60,1.50681941266542,7500
35,VGLUT3KOAlpha9KO,70,1.21178021292711,6000
35,VGLUT3KOAlpha9KO,80,1.26619053792428,5500
35,VGLUT3KOAlpha9KO,90,1.35269003295385,5000
